13.015247629572 
12.738356830727 
12.611697225004 
12.644338998295 
12.606798535252 
12.686092228826 
12.658498034846 
12.762387537605 
12.778142494922 
12.790931742742 
12.866684426955 
12.903767819379 
12.962233904322 
11.697566679659 
7.1975666796591 
2.6975666796591 
0 0 0 0 0 0 0 0 0 0 0 0 0 0 0 0 0 0 0 0 0 0 0 0 0 0 0 0 0 0 0 0 0 0 0 0 0 0 0 0 0 0 0 0 0 0 0 0 0 0 0 0 0 0 0 0 0 0 0 0 0 0 0 0 0 0 0 0 0 0 0 0 0 0 0 0 0 0 0 0 0 0 0 0 0 0 0 0 0 0 0 0 0 0 0 0 0 0 0 0 0 0 0 0 0 0 0 0 0 0 0 0 0 0 0 0 0 0 0 0 0 0 0 0 0 0 0 0 0 0 0 0 0 0 0 0 0 0 0 0 0 0 0 0 0 0 0 0 0 0 0 0 0 0 0 0 0 0 0 0 0 0 0 0 0 0 0 0 0 0 0 0 0 0 0 0 0 0 0 0 0 0 0 0 0 0 0 0 0 0 0 0 0 0 0 0 0 0 0 0 0 0 0 0 0 0 0 0 0 0 0 0 0 0 0 0 0 0 0 0 0 0 0 0 0 0 0 0 0 0 0 0 0 0 0 0 0 0 0 0 0 0 0 0 0 0 0 0 0 0 0 0 0 0 0 0 0 0 0 0 0 0 0 0 0 0 0 0 0 0 0 0 0 0 0 0 0 0 0 01974981798/n-2046232158/n-345003700/n-2046232158/n-690007400/n405005960/n1320240832/n-1323442560/n-615487424/n620302336/n459508352/n-1778833472/n-1571059904/n-823217472/n-2081629312/n1447951872/n1736818560/n-1846367808/n674415488/n-867504160/n-975049024/n942181056/n477744384/n-916740736/n-1492939776/n-708328000/n715387776/n-742499328/n-979311808/n1394063200/n-1614502208/n1872896384/n1877283648/n1630020096/n-853241408/n-197427328/n1380223680/n1151987264/n1781292736/n-983087360/n-178127488/n-395922944/n110633344/n1037058240/n-2001192448/n1055434176/n-491013568/n266176192/n-918482112/n486850240/n-2102576768/n1023465408/n-708606464/n-787871648/n-1291287680/n-1355672448/n189117056/n744152960/n180258432/n-702056768/n1942224192/n1205348800/n-341972544/n1087031200/n-1846769216/n749148992/n-2132050880/n1767507392/n-2083904224/n-1552253376/n-1354081984/n833903744/n1496939200/n344569536/n-1124326336/n1334099424/n406849728/n-1013269056/n-1406779840/n-1695119552/n1698884224/n-1521660928/n1298093760/n-1283179584/n-2108770368/n1594420992/n499463808/n-26761120/n-1755255104/n1547631616/n-579685792/n1548834176/n2001995456/n655761792/n-814368704/n244235200/n1601412288/n2070505408/n-1208614592/n2115220032/n24572864/n343201728/n-1403688640/n346187328/n1710820352/n-2063716288/n-325380544/n-1719386944/n880620736/n1035400352/n844652544/n-819688960/n-889046688/n-1079470016/n1440961920/n-462136896/n432433600/n-92627712/n-1940803200/n1803960768/n-1985321152/n1450753792/n1974981798/n-2046232158/n-345003700/n-2046232158/n-690007400/n405005960/n1320240832/n-1323442560/n-615487424/n620302336/n459508352/n-1778833472/n-1571059904/n-823217472/n-2081629312/n1447951872/n1736818560/n-1846367808/n674415488/n-867504160/n-975049024/n942181056/n477744384/n-916740736/n-1492939776/n-708328000/n715387776/n-742499328/n-979311808/n1394063200/n-1614502208/n1872896384/n1877283648/n1630020096/n-853241408/n-197427328/n1380223680/n1151987264/n1781292736/n-983087360/n-178127488/n-395922944/n110633344/n1037058240/n-2001192448/n1055434176/n-491013568/n266176192/n-918482112/n486850240/n-2102576768/n1023465408/n-708606464/n-787871648/n-1291287680/n-1355672448/n189117056/n744152960/n180258432/n-702056768/n1942224192/n1205348800/n-341972544/n1087031200/n-1846769216/n749148992/n-2132050880/n1767507392/n-2083904224/n-1552253376/n-1354081984/n833903744/n1496939200/n344569536/n-1124326336/n1334099424/n406849728/n-1013269056/n-1406779840/n-1695119552/n1698884224/n-1521660928/n1298093760/n-1283179584/n-2108770368/n1594420992/n499463808/n-26761120/n-1755255104/n1547631616/n-579685792/n1548834176/n2001995456/n655761792/n-814368704/n244235200/n1601412288/n2070505408/n-1208614592/n2115220032/n24572864/n343201728/n-1403688640/n346187328/n1710820352/n-2063716288/n-325380544/n-1719386944/n880620736/n1035400352/n844652544/n-819688960/n-889046688/n-1079470016/n1440961920/n-462136896/n432433600/n-92627712/n-1940803200/n1803960768/n-1985321152/n1450753792/n-1335340864/n426638272/n-1185896864/n1233783360/n-835714240/n358306944/n345301760/n548917952/n795780416/n40568608/n-1571819072/n425620928/n-1404080352/n127247616/n360289152/n498395392/n373962048/n-1891472960/n-758140032/n-1179919040/n1580661888/n1491514112/n-109835712/n-767629376/n-256221856/n658614080/n874502336/n-1802983104/n-1769628608/n1402413312/n832618752/n-303439520/n469686144/n770441088/n-995775744/n509018624/n314132000/n1310131392/n1216162496/n1701974144/n2101919040/n-23183360/n-633787712/n569107936/n1620126144/n179927232/n1051700992/n1241491264/n-548101184/n63259648/n-1134969152/n518803200/n580443136/n664820992/n-1300780288/n-1753768960/n-1750458496/n-1714601088/n950315200/n-1290565312/n-721898752/n-245364096/n-1939183360/n-1534930944/n1889576704/n-623784000/n1395754560/n770765632/n325646592/n36855104/n-1395040736/n809568896/n2032814400/n1447730112/n-1454537024/n1502629920/n1366385088/n1953563552/n-2073680064/n-1223573824/n-51059360/n1197409600/n2102360384/n2106011840/n-1299894208/n-2097376832/n1566697792/n905908384/n574720192/n1109534208/n-1079429184/n1339963392/n190857152/n-1377907392/n1692638528/n-1373645120/n658172224/n1508553152/n-1212819648/n1933632864/n745486592/n1445609856/n1552506400/n-1106469760/n-1677422400/n621131968/n1325112384/n-1541629248/n-1605664512/n1802584288/n-61904832/n-457803072/n613428608/n-568692288/n-142319584/n-770120384/n-1207371392/n-1242766016/n-1281917952/n-1912635072/n1907686144/n-829056736/n437433984/n-170323456/n-672240576/n2110844352/n547169664/n-834638848/n1775206784/n-134450112/n-134386240/n894301792/n-405217088/n1180780320/n646828416/n-22318784/n-131859488/n-1358468480/n1200871744/n-760984000/n380129536/n-1958099264/n-734284608/n1237855232/n-1168460928/n-1350009280/n-537527552/n-1671158720/n-1949561024/n631842432/n-1353939968/n1322551872/n-587098368/n-1726694720/n-1111595136/n659991296/n-2067967872/n-1514530944/n450017632/n243737920/n-2131855808/n959303360/n-986442944/n2030638656/n-145913344/n760816192/n1463423552/n860962944/n1158209984/n-637375424/n-340356896/n-1733839552/n1808734656/n1396277824/n2097447872/n-883839744/n601545856/n-744793504/n-433094848/n1705459840/n-261927808/n1837132096/n1711850304/n-384955520/n-602670656/n1673884992/n-1323292352/n-2029473536/n299826432/n-1004860384/n-833596096/n-1660289856/n-665736576/n1352938176/n-2019075392/n-2072020928/n-1238529408/n1528302400/n-2017535488/n527214944/n-738941888/n1794815616/n319803520/n-145948480/n-1987629024/n-1489933568/n467790080/n929740928/n-1858602496/n-1445539392/n-584402624/n869701600/n1481936704/n-306840640/n1876382624/n775030336/n-2095652736/n826419776/n311794944/n-1933734976/n428779136/n1673543424/n-1286770816/n2020403776/n-418269184/n-2126749184/n185239360/n-119983104/n-456983360/n-1182094720/n-609954944/n1252786624/n2018370240/n-539985472/n-374049152/n-1191527264/n1554425358/n-2054638239/n-1044147384/n-686059383/n-1815766917/n-2079452892/n195721443/n267001467/n3460693/n4721048/n61191/n83476/n1082/n1476/n19/n26/n0/n0/n0/n0/n0/n0/n0/n0/n0/n0/n0/n0/n0/n0/n0/n0/n0/n0/n0/n0/n0/n0/n0/n0/n0/n0/n0/n0/n0/n0/n0/n0/n0/n0/n0/n0/n0/n0/n0/n0/n0/n0/n0/n0/n0/n0/n0/n0/n0/n0/n0/n0/n0/n0/n0/n0/n0/n0/n0/n0/n0/n0/n0/n0/n0/n0/n0/n0/n0/n0/n0/n0/n0/n0/n0/n0/n0/n0/n0/n0/n0/n0/n0/n0/n0/n0/n0/n0/n0/n0/n0/n0/n0/n0/n0/n0/n0/n0/n0/n0/n0/n0/n0/n0/n0/n0/n0/n0/n0/n0/n0/n0/n0/n0/n0/n0/n0/n0/n0/n0/n0/n0/n0/n0/n0/n0/n0/n0/n0/n0/n0/n0/n0/n0/n0/n0/n0/n0/n0/n0/n0/n0/n0/n0/n0/n0/n0/n0/n0/n0/n0/n0/n0/n0/n0/n0/n0/n0/n0/n0/n0/n0/n0/n0/n0/n0/n0/n0/n0/n0/n0/n0/n0/n0/n0/n0/n0/n0/n0/n0/n0/n0/n0/n0/n0/n0/n0/n0/n0/n0/n0/n0/n1974981798/n-2046232158/n-345003700/n-2046232158/n-690007400/n405005960/n1320240832/n-1323442560/n-615487424/n620302336/n459508352/n-1778833472/n-1571059904/n-823217472/n-2081629312/n1447951872/n1736818560/n-1846367808/n674415488/n-867504160/n-975049024/n942181056/n477744384/n-916740736/n-1492939776/n-708328000/n715387776/n-742499328/n-979311808/n1394063200/n-1614502208/n1872896384/n1877283648/n1630020096/n-853241408/n-197427328/n1380223680/n1151987264/n1781292736/n-983087360/n-178127488/n-395922944/n110633344/n1037058240/n-2001192448/n1055434176/n-491013568/n266176192/n-918482112/n486850240/n-2102576768/n1023465408/n-708606464/n-787871648/n-1291287680/n-1355672448/n189117056/n744152960/n180258432/n-702056768/n1942224192/n1205348800/n-341972544/n1087031200/n-1846769216/n749148992/n-2132050880/n1767507392/n-2083904224/n-1552253376/n-1354081984/n833903744/n1496939200/n344569536/n-1124326336/n1334099424/n406849728/n-1013269056/n-1406779840/n-1695119552/n1698884224/n-1521660928/n1298093760/n-1283179584/n-2108770368/n1594420992/n499463808/n-26761120/n-1755255104/n1547631616/n-579685792/n1548834176/n2001995456/n655761792/n-814368704/n244235200/n1601412288/n2070505408/n-1208614592/n2115220032/n24572864/n343201728/n-1403688640/n346187328/n1710820352/n-2063716288/n-325380544/n-1719386944/n880620736/n1035400352/n844652544/n-819688960/n-889046688/n-1079470016/n1440961920/n-462136896/n432433600/n-92627712/n-1940803200/n1803960768/n-1985321152/n1450753792/n-1335340864/n426638272/n-1185896864/n1233783360/n-835714240/n358306944/n345301760/n548917952/n795780416/n40568608/n-1571819072/n425620928/n-1404080352/n127247616/n360289152/n498395392/n373962048/n-1891472960/n-758140032/n-1179919040/n1580661888/n1491514112/n-109835712/n-767629376/n-256221856/n658614080/n874502336/n-1802983104/n-1769628608/n1402413312/n832618752/n-303439520/n469686144/n770441088/n-995775744/n509018624/n314132000/n1310131392/n1216162496/n1701974144/n2101919040/n-23183360/n-633787712/n569107936/n1620126144/n179927232/n1051700992/n1241491264/n-548101184/n63259648/n-1134969152/n518803200/n580443136/n664820992/n-1300780288/n-1753768960/n-1750458496/n-1714601088/n950315200/n-1290565312/n-721898752/n-245364096/n-1939183360/n-1534930944/n1889576704/n-623784000/n1395754560/n770765632/n325646592/n36855104/n-1395040736/n809568896/n2032814400/n1447730112/n-1454537024/n1502629920/n1366385088/n1953563552/n-2073680064/n-1223573824/n-51059360/n1197409600/n2102360384/n2106011840/n-1299894208/n-2097376832/n1566697792/n905908384/n574720192/n1109534208/n-1079429184/n1339963392/n190857152/n-1377907392/n1692638528/n-1373645120/n658172224/n1508553152/n-1212819648/n1933632864/n745486592/n1445609856/n1552506400/n-1106469760/n-1677422400/n621131968/n1325112384/n-1541629248/n-1605664512/n1802584288/n-61904832/n-457803072/n613428608/n-568692288/n-142319584/n-770120384/n-1207371392/n-1242766016/n-1281917952/n-1912635072/n1907686144/n-829056736/n437433984/n-170323456/n-672240576/n2110844352/n547169664/n-834638848/n1775206784/n-134450112/n-134386240/n894301792/n-405217088/n1180780320/n646828416/n-22318784/n-131859488/n-1358468480/n1200871744/n-760984000/n380129536/n-1958099264/n-734284608/n1237855232/n-1168460928/n-1350009280/n-537527552/n-1671158720/n-1949561024/n631842432/n-1353939968/n1322551872/n-587098368/n-1726694720/n-1111595136/n659991296/n-2067967872/n-1514530944/n450017632/n243737920/n-2131855808/n959303360/n-986442944/n2030638656/n-145913344/n760816192/n1463423552/n860962944/n1158209984/n-637375424/n-340356896/n-1733839552/n1808734656/n1396277824/n2097447872/n-883839744/n601545856/n-744793504/n-433094848/n1705459840/n-261927808/n1837132096/n1711850304/n-384955520/n-602670656/n1673884992/n-1323292352/n-2029473536/n299826432/n-1004860384/n-833596096/n-1660289856/n-665736576/n1352938176/n-2019075392/n-2072020928/n-1238529408/n1528302400/n-2017535488/n527214944/n-738941888/n1794815616/n319803520/n-145948480/n-1987629024/n-1489933568/n467790080/n929740928/n-1858602496/n-1445539392/n-584402624/n869701600/n1481936704/n-306840640/n1876382624/n775030336/n-2095652736/n826419776/n311794944/n-1933734976/n428779136/n1673543424/n-1286770816/n2020403776/n-418269184/n-2126749184/n185239360/n-119983104/n-456983360/n-1182094720/n-609954944/n1252786624/n2018370240/n-539985472/n-374049152/n-1191527264/n1554425358/n-2054638239/n-1044147384/n-686059383/n-1815766917/n-2079452892/n195721443/n267001467/n3460693/n4721048/n61191/n83476/n1082/n1476/n19/n26/n0/n0/n0/n0/n0/n0/n0/n0/n0/n0/n0/n0/n0/n0/n0/n0/n0/n0/n0/n0/n0/n0/n0/n0/n0/n0/n0/n0/n0/n0/n0/n0/n0/n0/n0/n0/n0/n0/n0/n0/n0/n0/n0/n0/n0/n0/n0/n0/n0/n0/n0/n0/n0/n0/n0/n0/n0/n0/n0/n0/n0/n0/n0/n0/n0/n0/n0/n0/n0/n0/n0/n0/n0/n0/n0/n0/n0/n0/n0/n0/n0/n0/n0/n0/n0/n0/n0/n0/n0/n0/n0/n0/n0/n0/n0/n0/n0/n0/n0/n0/n0/n0/n0/n0/n0/n0/n0/n0/n0/n0/n0/n0/n0/n0/n0/n0/n0/n0/n0/n0/n0/n0/n0/n0/n0/n0/n0/n0/n0/n0/n0/n0/n0/n0/n0/n0/n0/n0/n0/n0/n0/n0/n0/n0/n0/n0/n0/n0/n0/n0/n0/n0/n0/n0/n0/n0/n0/n0/n0/n0/n0/n0/n0/n0/n0/n0/n0/n0/n0/n0/n0/n0/n0/n0/n0/n0/n0/n0/n0/n0/n0/n0/n0/n0/n0/n0/n0/n0/n0/n0/n0/n0/n1974981798/n-2046232158/n-345003700/n-2046232158/n-690007400/n405005960/n135896320/n431265536/n-1513453440/n-1150683264/n-612830592/n333563264/n-329354432/n2006880512/n236926720/n-1786573056/n755764096/n-1202923328/n-839788544/n593168768/n990742016/n-740231552/n471930816/n397803520/n972994048/n1135247232/n-1962415488/n-908808832/n-1536000/n2082013056/n-989298176/n-857974272/n-207193728/n-264451712/n895712768/n421700864/n-1795249920/n-710397824/n-2105017216/n-618372096/n-1884037376/n1171175424/n175931520/n-884815488/n802432/n-1678510592/n205235712/n-222246912/n442898944/n1516197440/n-1984475904/n-1359253504/n-251734272/n-968730880/n-1245159040/n-710154624/n-161657984/n976995200/n-27072512/n272533632/n1216291328/n-1727780480/n1371643008/n1207073792/n-2047657920/n1203622784/n-1818548864/n1919057792/n-863134336/n275539456/n-74536832/n-1404898112/n1004603776/n-160999680/n-1422881920/n-532863104/n1431740928/n30115840/n2136939264/n1992446464/n1614004352/n-1603874880/n1042496768/n-1384234112/n1667799744/n-286390016/n-722189824/n-488731392/n1665602816/n314618240/n-1248266880/n877695552/n-1361326976/n1972604416/n-402544256/n447348096/n-889516928/n-1749536768/n210334080/n1658979840/n-1322049664/n640569664/n-1884002304/n2055174528/n-861244288/n1461058432/n108536896/n510315392/n1298756736/n-1754265216/n1938284800/n735272448/n-2133059968/n47740288/n-255958144/n-626558848/n1688502528/n-442931456/n748710656/n-2055128960/n2102021888/n-694807936/n-1265052032/n1735945792/n994723840/n351672064/n-926236416/n-1050007552/n-602044416/n-1705361536/n-1530187008/n-414656256/n-482824704/n188954176/n1755855616/n-1520982528/n342569792/n-523395584/n-1341339136/n-818919680/n196763264/n1810563456/n1063211008/n1395398208/n-450458880/n1371814144/n530331712/n-1021813888/n371376576/n-1656145408/n355903232/n-47729024/n1789757184/n-1636263168/n-1072463488/n-33542400/n1665812608/n770468736/n-1926550848/n-227067904/n1546268288/n-587011584/n1790952320/n2122161792/n-1624464512/n-1559621888/n-207364480/n594556416/n-1663543168/n636253056/n-1443845632/n-367535232/n-1635703936/n-432393856/n-1301387776/n1187656256/n284943232/n-657422720/n-841907776/n-312159872/n-314214784/n-1824947328/n-1278184704/n-1202458880/n-1472104704/n-201179392/n-1868030848/n-1391758848/n-1577187136/n1386398464/n829901184/n-881719552/n-1653299072/n-197915776/n-1576876032/n-1300590016/n-276474496/n536996864/n437770752/n-1455633024/n-1780518720/n-27375360/n-1990295168/n1194662272/n686008192/n2137764416/n1162074880/n-909251328/n-631292928/n-2068225536/n1167758720/n81977728/n-684396800/n-4307072/n589251200/n-1941696512/n940931968/n1381703360/n137820544/n-1359569024/n1870729344/n439862528/n254414976/n12686336/n-914162176/n-1313592704/n-256239616/n1765804096/n-530927744/n517718400/n1046273856/n-783808512/n-652832768/n-1248195840/n-1656279808/n-744030464/n250083456/n-1110060672/n1268814336/n-279838848/n-1565076992/n174273408/n-203864832/n105325824/n1580578688/n154306432/n-1643307008/n-141771776/n-769472896/n1451408896/n1769114880/n-381829760/n754521472/n1275232000/n18637568/n251329664/n174518656/n1559689856/n-1899279744/n-1655113024/n-1253272832/n-885111808/n1485245760/n1177368192/n-1501008256/n982414336/n376280960/n-934318976/n591362176/n390327296/n683686016/n1041578368/n1228852096/n261244288/n-1849075712/n1847692288/n-795827840/n-116676224/n-1406644992/n439936192/n386114688/n-157495936/n-924622528/n335238656/n540582400/n212483968/n-1992134784/n1851614720/n-1244357888/n-151873728/n1997382016/n-939596288/n565027072/n102077440/n-1060860992/n-296351360/n-917501568/n1368568064/n825395328/n-489181056/n-687925632/n-1692465216/n-2049648640/n-710668288/n-340018752/n1431871104/n-1169942296/n-1958054708/n445026779/n-1656278396/n948947454/n1692146066/n123394097/n168333139/n1100641/n1501485/n9817/n13393/n88/n119/n1/n1/n0/n0/n0/n0/n0/n0/n0/n0/n0/n0/n0/n0/n0/n0/n0/n0/n0/n0/n0/n0/n0/n0/n0/n0/n0/n0/n0/n0/n0/n0/n0/n0/n0/n0/n0/n0/n0/n0/n0/n0/n0/n0/n0/n0/n0/n0/n0/n0/n0/n0/n0/n0/n0/n0/n0/n0/n0/n0/n0/n0/n0/n0/n0/n0/n0/n0/n0/n0/n0/n0/n0/n0/n0/n0/n0/n0/n0/n0/n0/n0/n0/n0/n0/n0/n0/n0/n0/n0/n0/n0/n0/n0/n0/n0/n0/n0/n0/n0/n0/n0/n0/n0/n0/n0/n0/n0/n0/n0/n0/n0/n0/n0/n0/n0/n0/n0/n0/n0/n0/n0/n0/n0/n0/n0/n0/n0/n0/n0/n0/n0/n0/n0/n0/n0/n0/n0/n0/n0/n0/n0/n0/n0/n0/n0/n0/n0/n0/n0/n0/n0/n0/n0/n0/n0/n0/n0/n0/n0/n0/n0/n0/n0/n0/n0/n0/n0/n0/n0/n0/n0/n0/n0/n0/n0/n0/n0/n0/n0/n0/n0/n0/n0/n0/n0/n0/n1974981798/n-2046232158/n-345003700/n-2046232158/n-690007400/n405005960/n135896320/n431265536/n-1513453440/n-1150683264/n-612830592/n333563264/n-329354432/n2006880512/n236926720/n-1786573056/n755764096/n-1202923328/n-839788544/n593168768/n990742016/n-740231552/n471930816/n397803520/n972994048/n1135247232/n-1962415488/n-908808832/n-1536000/n2082013056/n-989298176/n-857974272/n-207193728/n-264451712/n895712768/n421700864/n-1795249920/n-710397824/n-2105017216/n-618372096/n-1884037376/n1171175424/n175931520/n-884815488/n802432/n-1678510592/n205235712/n-222246912/n442898944/n1516197440/n-1984475904/n-1359253504/n-251734272/n-968730880/n-1245159040/n-710154624/n-161657984/n976995200/n-27072512/n272533632/n1216291328/n-1727780480/n1371643008/n1207073792/n-2047657920/n1203622784/n-1818548864/n1919057792/n-863134336/n275539456/n-74536832/n-1404898112/n1004603776/n-160999680/n-1422881920/n-532863104/n1431740928/n30115840/n2136939264/n1992446464/n1614004352/n-1603874880/n1042496768/n-1384234112/n1667799744/n-286390016/n-722189824/n-488731392/n1665602816/n314618240/n-1248266880/n877695552/n-1361326976/n1972604416/n-402544256/n447348096/n-889516928/n-1749536768/n210334080/n1658979840/n-1322049664/n640569664/n-1884002304/n2055174528/n-861244288/n1461058432/n108536896/n510315392/n1298756736/n-1754265216/n1938284800/n735272448/n-2133059968/n47740288/n-255958144/n-626558848/n1688502528/n-442931456/n748710656/n-2055128960/n2102021888/n-694807936/n-1265052032/n1735945792/n994723840/n351672064/n-926236416/n-1050007552/n-602044416/n-1705361536/n-1530187008/n-414656256/n-482824704/n188954176/n1755855616/n-1520982528/n342569792/n-523395584/n-1341339136/n-818919680/n196763264/n1810563456/n1063211008/n1395398208/n-450458880/n1371814144/n530331712/n-1021813888/n371376576/n-1656145408/n355903232/n-47729024/n1789757184/n-1636263168/n-1072463488/n-33542400/n1665812608/n770468736/n-1926550848/n-227067904/n1546268288/n-587011584/n1790952320/n2122161792/n-1624464512/n-1559621888/n1974981798/n-2046232158/n-345003700/n-2046232158/n-690007400/n405005960/n135896320/n431265536/n-1513453440/n-1150683264/n-612830592/n333563264/n-329354432/n2006880512/n236926720/n-1786573056/n755764096/n-1202923328/n-839788544/n593168768/n990742016/n-740231552/n471930816/n397803520/n972994048/n1135247232/n-1962415488/n-908808832/n-1536000/n2082013056/n-989298176/n-857974272/n-207193728/n-264451712/n895712768/n421700864/n-1795249920/n-710397824/n-2105017216/n-618372096/n-1884037376/n1171175424/n175931520/n-884815488/n802432/n-1678510592/n205235712/n-222246912/n442898944/n1516197440/n-1984475904/n-1359253504/n-251734272/n-968730880/n-1245159040/n-710154624/n-161657984/n976995200/n-27072512/n272533632/n1216291328/n-1727780480/n1371643008/n1207073792/n-2047657920/n1203622784/n-1818548864/n1919057792/n-863134336/n275539456/n-74536832/n-1404898112/n1004603776/n-160999680/n-1422881920/n-532863104/n1431740928/n30115840/n2136939264/n1992446464/n1614004352/n-1603874880/n1042496768/n-1384234112/n1667799744/n-286390016/n-722189824/n-488731392/n1665602816/n314618240/n-1248266880/n877695552/n-1361326976/n1972604416/n-402544256/n447348096/n-889516928/n-1749536768/n210334080/n1658979840/n-1322049664/n640569664/n-1884002304/n2055174528/n-861244288/n1461058432/n108536896/n510315392/n1298756736/n-1754265216/n1938284800/n735272448/n-2133059968/n47740288/n-255958144/n-626558848/n1688502528/n-442931456/n748710656/n-2055128960/n2102021888/n-694807936/n-1265052032/n1735945792/n994723840/n351672064/n-926236416/n-1050007552/n-602044416/n-1705361536/n-1530187008/n-414656256/n-482824704/n188954176/n1755855616/n-1520982528/n342569792/n-523395584/n-1341339136/n-818919680/n196763264/n1810563456/n1063211008/n1395398208/n-450458880/n1371814144/n530331712/n-1021813888/n371376576/n-1656145408/n355903232/n-47729024/n1789757184/n-1636263168/n-1072463488/n-33542400/n1665812608/n770468736/n-1926550848/n-227067904/n1546268288/n-587011584/n1790952320/n2122161792/n-1624464512/n-1559621888/n1974981798/n-2046232158/n-345003700/n-2046232158/n-690007400/n405005960/n135896320/n431265536/n-1513453440/n-1150683264/n-612830592/n333563264/n-329354432/n2006880512/n236926720/n-1786573056/n755764096/n-1202923328/n-839788544/n593168768/n990742016/n-740231552/n471930816/n397803520/n972994048/n1135247232/n-1962415488/n-908808832/n-1536000/n2082013056/n-989298176/n-857974272/n-207193728/n-264451712/n895712768/n421700864/n-1795249920/n-710397824/n-2105017216/n-618372096/n-1884037376/n1171175424/n175931520/n-884815488/n802432/n-1678510592/n205235712/n-222246912/n442898944/n1516197440/n-1984475904/n-1359253504/n-251734272/n-968730880/n-1245159040/n-710154624/n-161657984/n976995200/n-27072512/n272533632/n1216291328/n-1727780480/n1371643008/n1207073792/n-2047657920/n1203622784/n-1818548864/n1919057792/n-863134336/n275539456/n-74536832/n-1404898112/n1004603776/n-160999680/n-1422881920/n-532863104/n1431740928/n30115840/n2136939264/n1992446464/n1614004352/n-1603874880/n1042496768/n-1384234112/n1667799744/n-286390016/n-722189824/n-488731392/n1665602816/n314618240/n-1248266880/n877695552/n-1361326976/n1972604416/n-402544256/n447348096/n-889516928/n-1749536768/n210334080/n1658979840/n-1322049664/n640569664/n-1884002304/n2055174528/n-861244288/n1461058432/n108536896/n510315392/n1298756736/n-1754265216/n1938284800/n735272448/n-2133059968/n47740288/n-255958144/n-626558848/n1688502528/n-442931456/n748710656/n-2055128960/n2102021888/n-694807936/n-1265052032/n1735945792/n994723840/n351672064/n-926236416/n-1050007552/n-602044416/n-1705361536/n-1530187008/n-414656256/n-482824704/n188954176/n1755855616/n-1520982528/n342569792/n-523395584/n-1341339136/n-818919680/n196763264/n1810563456/n1063211008/n1395398208/n-450458880/n1371814144/n530331712/n-1021813888/n371376576/n-1656145408/n355903232/n-47729024/n1789757184/n-1636263168/n-1072463488/n-33542400/n1665812608/n770468736/n-1926550848/n-227067904/n1546268288/n-587011584/n1790952320/n2122161792/n-1624464512/n-1559621888/n1974981798/n-2046232158/n-345003700/n-2046232158/n-690007400/n405005960/n135896320/n431265536/n-1513453440/n-1150683264/n-612830592/n333563264/n-329354432/n2006880512/n236926720/n-1786573056/n755764096/n-1202923328/n-839788544/n593168768/n990742016/n-740231552/n471930816/n397803520/n972994048/n1135247232/n-1962415488/n-908808832/n-1536000/n2082013056/n-989298176/n-857974272/n-207193728/n-264451712/n895712768/n421700864/n-1795249920/n-710397824/n-2105017216/n-618372096/n-1884037376/n1171175424/n175931520/n-884815488/n802432/n-1678510592/n205235712/n-222246912/n442898944/n1516197440/n-1984475904/n-1359253504/n-251734272/n-968730880/n-1245159040/n-710154624/n-161657984/n976995200/n-27072512/n272533632/n1216291328/n-1727780480/n1371643008/n1207073792/n-2047657920/n1203622784/n-1818548864/n1919057792/n-863134336/n275539456/n-74536832/n-1404898112/n1004603776/n-160999680/n-1422881920/n-532863104/n1431740928/n30115840/n2136939264/n1992446464/n1614004352/n-1603874880/n1042496768/n-1384234112/n1667799744/n-286390016/n-722189824/n-488731392/n1665602816/n314618240/n-1248266880/n877695552/n-1361326976/n1972604416/n-402544256/n447348096/n-889516928/n-1749536768/n210334080/n1658979840/n-1322049664/n640569664/n-1884002304/n2055174528/n-861244288/n1461058432/n108536896/n510315392/n1298756736/n-1754265216/n1938284800/n735272448/n-2133059968/n47740288/n-255958144/n-626558848/n1688502528/n-442931456/n748710656/n-2055128960/n2102021888/n-694807936/n-1265052032/n1735945792/n994723840/n351672064/n-926236416/n-1050007552/n-602044416/n-1705361536/n-1530187008/n-414656256/n-482824704/n188954176/n1755855616/n-1520982528/n342569792/n-523395584/n-1341339136/n-818919680/n196763264/n1810563456/n1063211008/n1395398208/n-450458880/n1371814144/n530331712/n-1021813888/n371376576/n-1656145408/n355903232/n-47729024/n1789757184/n-1636263168/n-1072463488/n-33542400/n1665812608/n770468736/n-1926550848/n-227067904/n1546268288/n-587011584/n1790952320/n2122161792/n-1624464512/n-1559621888/n1974981798/n-2046232158/n-345003700/n-2046232158/n-690007400/n405005960/n135896320/n431265536/n-1513453440/n-1150683264/n-612830592/n333563264/n-329354432/n2006880512/n236926720/n-1786573056/n755764096/n-1202923328/n-839788544/n593168768/n990742016/n-740231552/n471930816/n397803520/n972994048/n1135247232/n-1962415488/n-908808832/n-1536000/n2082013056/n-989298176/n-857974272/n-207193728/n-264451712/n895712768/n421700864/n-1795249920/n-710397824/n-2105017216/n-618372096/n-1884037376/n1171175424/n175931520/n-884815488/n802432/n-1678510592/n205235712/n-222246912/n442898944/n1516197440/n-1984475904/n-1359253504/n-251734272/n-968730880/n-1245159040/n-710154624/n-161657984/n976995200/n-27072512/n272533632/n1216291328/n-1727780480/n1371643008/n1207073792/n-2047657920/n1203622784/n-1818548864/n1919057792/n-863134336/n275539456/n-74536832/n-1404898112/n1004603776/n-160999680/n-1422881920/n-532863104/n1431740928/n30115840/n2136939264/n1992446464/n1614004352/n-1603874880/n1042496768/n-1384234112/n1667799744/n-286390016/n-722189824/n-488731392/n1665602816/n314618240/n-1248266880/n877695552/n-1361326976/n1972604416/n-402544256/n447348096/n-889516928/n-1749536768/n210334080/n1658979840/n-1322049664/n640569664/n-1884002304/n2055174528/n-861244288/n1461058432/n108536896/n510315392/n1298756736/n-1754265216/n1938284800/n735272448/n-2133059968/n47740288/n-255958144/n-626558848/n1688502528/n-442931456/n748710656/n-2055128960/n2102021888/n-694807936/n-1265052032/n1735945792/n994723840/n351672064/n-926236416/n-1050007552/n-602044416/n-1705361536/n-1530187008/n-414656256/n-482824704/n188954176/n1755855616/n-1520982528/n342569792/n-523395584/n-1341339136/n-818919680/n196763264/n1810563456/n1063211008/n1395398208/n-450458880/n1371814144/n530331712/n-1021813888/n371376576/n-1656145408/n355903232/n-47729024/n1789757184/n-1636263168/n-1072463488/n-33542400/n1665812608/n770468736/n-1926550848/n-227067904/n1546268288/n-587011584/n1790952320/n2122161792/n-1624464512/n-1559621888/n1974981798/n-2046232158/n-345003700/n-2046232158/n-690007400/n405005960/n135896320/n431265536/n-1513453440/n-1150683264/n-612830592/n333563264/n-329354432/n2006880512/n236926720/n-1786573056/n755764096/n-1202923328/n-839788544/n593168768/n990742016/n-740231552/n471930816/n397803520/n972994048/n1135247232/n-1962415488/n-908808832/n-1536000/n2082013056/n-989298176/n-857974272/n-207193728/n-264451712/n895712768/n421700864/n-1795249920/n-710397824/n-2105017216/n-618372096/n-1884037376/n1171175424/n175931520/n-884815488/n802432/n-1678510592/n205235712/n-222246912/n442898944/n1516197440/n-1984475904/n-1359253504/n-251734272/n-968730880/n-1245159040/n-710154624/n-161657984/n976995200/n-27072512/n272533632/n1216291328/n-1727780480/n1371643008/n1207073792/n-2047657920/n1203622784/n-1818548864/n1919057792/n-863134336/n275539456/n-74536832/n-1404898112/n1004603776/n-160999680/n-1422881920/n-532863104/n1431740928/n30115840/n2136939264/n1992446464/n1614004352/n-1603874880/n1042496768/n-1384234112/n1667799744/n-286390016/n-722189824/n-488731392/n1665602816/n314618240/n-1248266880/n877695552/n-1361326976/n1972604416/n-402544256/n447348096/n-889516928/n-1749536768/n210334080/n1658979840/n-1322049664/n640569664/n-1884002304/n2055174528/n-861244288/n1461058432/n108536896/n510315392/n1298756736/n-1754265216/n1938284800/n735272448/n-2133059968/n47740288/n-255958144/n-626558848/n1688502528/n-442931456/n748710656/n-2055128960/n2102021888/n-694807936/n-1265052032/n1735945792/n994723840/n351672064/n-926236416/n-1050007552/n-602044416/n-1705361536/n-1530187008/n-414656256/n-482824704/n188954176/n1755855616/n-1520982528/n342569792/n-523395584/n-1341339136/n-818919680/n196763264/n1810563456/n1063211008/n1395398208/n-450458880/n1371814144/n530331712/n-1021813888/n371376576/n-1656145408/n355903232/n-47729024/n1789757184/n-1636263168/n-1072463488/n-33542400/n1665812608/n770468736/n-1926550848/n-227067904/n1546268288/n-587011584/n1790952320/n2122161792/n-1624464512/n-1559621888/n1974981798/n-2046232158/n-345003700/n-2046232158/n-690007400/n405005960/n135896320/n431265536/n-1513453440/n-1150683264/n-612830592/n333563264/n-329354432/n2006880512/n236926720/n-1786573056/n755764096/n-1202923328/n-839788544/n593168768/n990742016/n-740231552/n471930816/n397803520/n972994048/n1135247232/n-1962415488/n-908808832/n-1536000/n2082013056/n-989298176/n-857974272/n-207193728/n-264451712/n895712768/n421700864/n-1795249920/n-710397824/n-2105017216/n-618372096/n-1884037376/n1171175424/n175931520/n-884815488/n802432/n-1678510592/n205235712/n-222246912/n442898944/n1516197440/n-1984475904/n-1359253504/n-251734272/n-968730880/n-1245159040/n-710154624/n-161657984/n976995200/n-27072512/n272533632/n1216291328/n-1727780480/n1371643008/n1207073792/n-2047657920/n1203622784/n-1818548864/n1919057792/n-863134336/n275539456/n-74536832/n-1404898112/n1004603776/n-160999680/n-1422881920/n-532863104/n1431740928/n30115840/n2136939264/n1992446464/n1614004352/n-1603874880/n1042496768/n-1384234112/n1667799744/n-286390016/n-722189824/n-488731392/n1665602816/n314618240/n-1248266880/n877695552/n-1361326976/n1972604416/n-402544256/n447348096/n-889516928/n-1749536768/n210334080/n1658979840/n-1322049664/n640569664/n-1884002304/n2055174528/n-861244288/n1461058432/n108536896/n510315392/n1298756736/n-1754265216/n1938284800/n735272448/n-2133059968/n47740288/n-255958144/n-626558848/n1688502528/n-442931456/n748710656/n-2055128960/n2102021888/n-694807936/n-1265052032/n1735945792/n994723840/n351672064/n-926236416/n-1050007552/n-602044416/n-1705361536/n-1530187008/n-414656256/n-482824704/n188954176/n1755855616/n-1520982528/n342569792/n-523395584/n-1341339136/n-818919680/n196763264/n1810563456/n1063211008/n1395398208/n-450458880/n1371814144/n530331712/n-1021813888/n371376576/n-1656145408/n355903232/n-47729024/n1789757184/n-1636263168/n-1072463488/n-33542400/n1665812608/n770468736/n-1926550848/n-227067904/n1546268288/n-587011584/n1790952320/n2122161792/n-1624464512/n-1559621888/n1974981798/n-2046232158/n-345003700/n-2046232158/n-690007400/n405005960/n1320240832/n-1323442560/n-615487424/n620302336/n459508352/n-1778833472/n-1571059904/n-823217472/n-2081629312/n1447951872/n1736818560/n-1846367808/n674415488/n-867504160/n-975049024/n942181056/n477744384/n-916740736/n-1492939776/n-708328000/n715387776/n-742499328/n-979311808/n1394063200/n-1614502208/n1872896384/n1877283648/n1630020096/n-853241408/n-197427328/n1380223680/n1151987264/n1781292736/n-983087360/n-178127488/n-395922944/n110633344/n1037058240/n-2001192448/n1055434176/n-491013568/n266176192/n-918482112/n486850240/n-2102576768/n1023465408/n-708606464/n-787871648/n-1291287680/n-1355672448/n189117056/n744152960/n180258432/n-702056768/n1942224192/n1205348800/n-341972544/n1087031200/n-1846769216/n749148992/n-2132050880/n1767507392/n-2083904224/n-1552253376/n-1354081984/n833903744/n1496939200/n344569536/n-1124326336/n1334099424/n406849728/n-1013269056/n-1406779840/n-1695119552/n1698884224/n-1521660928/n1298093760/n-1283179584/n-2108770368/n1594420992/n499463808/n-26761120/n-1755255104/n1547631616/n-579685792/n1548834176/n2001995456/n655761792/n-814368704/n244235200/n1601412288/n2070505408/n-1208614592/n2115220032/n24572864/n343201728/n-1403688640/n346187328/n1710820352/n-2063716288/n-325380544/n-1719386944/n880620736/n1035400352/n844652544/n-819688960/n-889046688/n-1079470016/n1440961920/n-462136896/n432433600/n-92627712/n-1940803200/n1803960768/n-1985321152/n1450753792/n-1335340864/n426638272/n-1185896864/n1233783360/n-835714240/n358306944/n345301760/n548917952/n795780416/n40568608/n-1571819072/n425620928/n-1404080352/n127247616/n360289152/n498395392/n373962048/n-1891472960/n-758140032/n-1179919040/n1580661888/n1491514112/n-109835712/n-767629376/n-256221856/n658614080/n874502336/n-1802983104/n-1769628608/n1402413312/n832618752/n-303439520/n469686144/n770441088/n-995775744/n509018624/n314132000/n1310131392/n1216162496/n1701974144/n2101919040/n-23183360/n-633787712/n569107936/n1974981798/n-2046232158/n-345003700/n-2046232158/n-690007400/n405005960/n1320240832/n-1323442560/n-615487424/n620302336/n459508352/n-1778833472/n-1571059904/n-823217472/n-2081629312/n1447951872/n1736818560/n-1846367808/n674415488/n-867504160/n-975049024/n942181056/n477744384/n-916740736/n-1492939776/n-708328000/n715387776/n-742499328/n-979311808/n1394063200/n-1614502208/n1872896384/n1877283648/n1630020096/n-853241408/n-197427328/n1380223680/n1151987264/n1781292736/n-983087360/n-178127488/n-395922944/n110633344/n1037058240/n-2001192448/n1055434176/n-491013568/n266176192/n-918482112/n486850240/n-2102576768/n1023465408/n-708606464/n-787871648/n-1291287680/n-1355672448/n189117056/n744152960/n180258432/n-702056768/n1942224192/n1205348800/n-341972544/n1087031200/n-1846769216/n749148992/n-2132050880/n1767507392/n-2083904224/n-1552253376/n-1354081984/n833903744/n1496939200/n344569536/n-1124326336/n1334099424/n406849728/n-1013269056/n-1406779840/n-1695119552/n1698884224/n-1521660928/n1298093760/n-1283179584/n-2108770368/n1594420992/n499463808/n-26761120/n-1755255104/n1547631616/n-579685792/n1548834176/n2001995456/n655761792/n-814368704/n244235200/n1601412288/n2070505408/n-1208614592/n2115220032/n24572864/n343201728/n-1403688640/n346187328/n1710820352/n-2063716288/n-325380544/n-1719386944/n880620736/n1035400352/n844652544/n-819688960/n-889046688/n-1079470016/n1440961920/n-462136896/n432433600/n-92627712/n-1940803200/n1803960768/n-1985321152/n1450753792/n-1335340864/n426638272/n-1185896864/n1233783360/n-835714240/n358306944/n345301760/n548917952/n795780416/n40568608/n-1571819072/n425620928/n-1404080352/n127247616/n360289152/n498395392/n373962048/n-1891472960/n-758140032/n-1179919040/n1580661888/n1491514112/n-109835712/n-767629376/n-256221856/n658614080/n874502336/n-1802983104/n-1769628608/n1402413312/n832618752/n-303439520/n469686144/n770441088/n-995775744/n509018624/n314132000/n1310131392/n1216162496/n1701974144/n2101919040/n-23183360/n-633787712/n569107936/n1974981798/n-2046232158/n-345003700/n-2046232158/n-690007400/n405005960/n1320240832/n-1323442560/n-615487424/n620302336/n459508352/n-1778833472/n-1571059904/n-823217472/n-2081629312/n1447951872/n1736818560/n-1846367808/n674415488/n-867504160/n-975049024/n942181056/n477744384/n-916740736/n-1492939776/n-708328000/n715387776/n-742499328/n-979311808/n1394063200/n-1614502208/n1872896384/n1877283648/n1630020096/n-853241408/n-197427328/n1380223680/n1151987264/n1781292736/n-983087360/n-178127488/n-395922944/n110633344/n1037058240/n-2001192448/n1055434176/n-491013568/n266176192/n-918482112/n486850240/n-2102576768/n1023465408/n-708606464/n-787871648/n-1291287680/n-1355672448/n189117056/n744152960/n180258432/n-702056768/n1942224192/n1205348800/n-341972544/n1087031200/n-1846769216/n749148992/n-2132050880/n1767507392/n-2083904224/n-1552253376/n-1354081984/n833903744/n1496939200/n344569536/n-1124326336/n1334099424/n406849728/n-1013269056/n-1406779840/n-1695119552/n1698884224/n-1521660928/n1298093760/n-1283179584/n-2108770368/n1594420992/n499463808/n-26761120/n-1755255104/n1547631616/n-579685792/n1548834176/n2001995456/n655761792/n-814368704/n244235200/n1601412288/n2070505408/n-1208614592/n2115220032/n24572864/n343201728/n-1403688640/n346187328/n1710820352/n-2063716288/n-325380544/n-1719386944/n880620736/n1035400352/n844652544/n-819688960/n-889046688/n-1079470016/n1440961920/n-462136896/n432433600/n-92627712/n-1940803200/n1803960768/n-1985321152/n1450753792/n-1335340864/n426638272/n-1185896864/n1233783360/n-835714240/n358306944/n345301760/n548917952/n795780416/n40568608/n-1571819072/n425620928/n-1404080352/n127247616/n360289152/n498395392/n373962048/n-1891472960/n-758140032/n-1179919040/n1580661888/n1491514112/n-109835712/n-767629376/n-256221856/n658614080/n874502336/n-1802983104/n-1769628608/n1402413312/n832618752/n-303439520/n469686144/n770441088/n-995775744/n509018624/n314132000/n1310131392/n1216162496/n1701974144/n2101919040/n-23183360/n-633787712/n569107936/n1783763978/n2127011267/n1783763978/n2127011267/n-727439340/n-40944762/n-727439340/n-40944762/n-1454878680/n-81889524/n-1803222400/n-655116192/n1250257664/n465291520/n1812799456/n956878656/n751959776/n-2074378784/n1745374016/n757771680/n-1847317760/n-560074688/n1529441920/n-237209344/n1367927232/n-791592448/n-44496640/n-735467328/n-1856096384/n-770536768/n-1754455488/n1794460672/n-1335665792/n1271242240/n-1958696960/n-1405046080/n-1701800448/n-1109024384/n1163483744/n-1575651840/n-1653559616/n348865344/n170789312/n-1875048640/n1543358400/n-2121862528/n227662720/n180878528/n-1803498336/n-56891840/n465206784/n-6876128/n-2089353152/n-412807616/n-1773712576/n-1403769280/n-1543094784/n1339454912/n397051264/n933542784/n-737279968/n43859648/n-260541248/n7940352/n-328588672/n-2033022464/n-2084765120/n1344606912/n644761600/n87129920/n-673064128/n-103914304/n-2145500160/n320915936/n542279744/n101578784/n1465903424/n654984832/n-121567232/n-296679232/n-1977064064/n-614186944/n-1684002464/n806940096/n2043338432/n-1796380192/n1299738432/n-1189033920/n2112115648/n1278686208/n1799471296/n1075726336/n-5671168/n1774236160/n2114741632/n1383364352/n1633681984/n1727790304/n-1129906944/n-1951596544/n-1118314368/n677326528/n405215040/n-1351467008/n-471081248/n487332416/n-389643136/n-53343776/n-322799424/n-1250130432/n-1225970816/n264485952/n-2053952064/n-38221568/n-2138678016/n-971438144/n1625087904/n-1251194048/n-667101504/n920598816/n1109896448/n1227414912/n-262856128/n1388980352/n-854367296/n-2048110592/n-317098368/n-1566718272/n2141044544/n-447694624/n802766080/n-1645761664/n1465345984/n-605124928/n-206578560/n1028146176/n-1963570816/n1585384192/n-64700288/n1929078144/n-1330486208/n728665856/n308561728/n1769642176/n1437686336/n1909762752/n-1815794368/n-142441472/n923822976/n2058015936/n261133664/n-177186880/n506458112/n608541120/n1054092352/n-1800580864/n53706496/n-1235977792/n1647129280/n1394324096/n-1472873184/n-1696103424/n-1396730816/n2145520992/n31084096/n-1917658304/n1783763978/n2127011267/n1783763978/n2127011267/n-727439340/n-40944762/n-727439340/n-40944762/n-1454878680/n-81889524/n-1803222400/n-655116192/n1250257664/n465291520/n1812799456/n956878656/n751959776/n-2074378784/n1745374016/n757771680/n-1847317760/n-560074688/n1529441920/n-237209344/n1367927232/n-791592448/n-44496640/n-735467328/n-1856096384/n-770536768/n-1754455488/n1794460672/n-1335665792/n1271242240/n-1958696960/n-1405046080/n-1701800448/n-1109024384/n1163483744/n-1575651840/n-1653559616/n348865344/n170789312/n-1875048640/n1543358400/n-2121862528/n227662720/n180878528/n-1803498336/n-56891840/n465206784/n-6876128/n-2089353152/n-412807616/n-1773712576/n-1403769280/n-1543094784/n1339454912/n397051264/n933542784/n-737279968/n43859648/n-260541248/n7940352/n-328588672/n-2033022464/n-2084765120/n1344606912/n644761600/n87129920/n-673064128/n-103914304/n-2145500160/n320915936/n542279744/n101578784/n1465903424/n654984832/n-121567232/n-296679232/n-1977064064/n-614186944/n-1684002464/n806940096/n2043338432/n-1796380192/n1299738432/n-1189033920/n2112115648/n1278686208/n1799471296/n1075726336/n-5671168/n1774236160/n2114741632/n1383364352/n1633681984/n1727790304/n-1129906944/n-1951596544/n-1118314368/n677326528/n405215040/n-1351467008/n-471081248/n487332416/n-389643136/n-53343776/n-322799424/n-1250130432/n-1225970816/n264485952/n-2053952064/n-38221568/n-2138678016/n-971438144/n1625087904/n-1251194048/n-667101504/n920598816/n1109896448/n1227414912/n-262856128/n1388980352/n-854367296/n-2048110592/n-317098368/n-1566718272/n2141044544/n-447694624/n802766080/n-1645761664/n1465345984/n-605124928/n-206578560/n1028146176/n-1963570816/n1585384192/n-64700288/n1929078144/n-1330486208/n728665856/n308561728/n1769642176/n1437686336/n1909762752/n-1815794368/n-142441472/n923822976/n2058015936/n261133664/n-177186880/n506458112/n608541120/n1054092352/n-1800580864/n53706496/n-1235977792/n1647129280/n1394324096/n-1472873184/n-1696103424/n-1396730816/n2145520992/n31084096/n-1917658304/n1974981798/n-2046232158/n-345003700/n-2046232158/n-690007400/n405005960/n1320240832/n-1323442560/n-615487424/n620302336/n459508352/n-1778833472/n-1571059904/n-823217472/n-2081629312/n1447951872/n1736818560/n-1846367808/n674415488/n-867504160/n-975049024/n942181056/n477744384/n-916740736/n-1492939776/n-708328000/n715387776/n-742499328/n-979311808/n1394063200/n-1614502208/n1872896384/n1877283648/n1630020096/n-853241408/n-197427328/n1380223680/n1151987264/n1781292736/n-983087360/n-178127488/n-395922944/n110633344/n1037058240/n-2001192448/n1055434176/n-491013568/n266176192/n-918482112/n486850240/n-2102576768/n1023465408/n-708606464/n-787871648/n-1291287680/n-1355672448/n189117056/n744152960/n180258432/n-702056768/n1942224192/n1205348800/n-341972544/n1087031200/n-1846769216/n749148992/n-2132050880/n1767507392/n-2083904224/n-1552253376/n-1354081984/n833903744/n1496939200/n344569536/n-1124326336/n1334099424/n406849728/n-1013269056/n-1406779840/n-1695119552/n1698884224/n-1521660928/n1298093760/n-1283179584/n-2108770368/n1594420992/n499463808/n-26761120/n-1755255104/n1547631616/n-579685792/n1548834176/n2001995456/n655761792/n-814368704/n244235200/n1601412288/n2070505408/n-1208614592/n2115220032/n24572864/n343201728/n-1403688640/n346187328/n1710820352/n-2063716288/n-325380544/n-1719386944/n880620736/n1035400352/n844652544/n-819688960/n-889046688/n-1079470016/n1440961920/n-462136896/n432433600/n-92627712/n-1940803200/n1803960768/n-1985321152/n1450753792/n-1335340864/n426638272/n-1185896864/n1233783360/n-835714240/n358306944/n345301760/n548917952/n795780416/n40568608/n-1571819072/n425620928/n-1404080352/n127247616/n360289152/n498395392/n373962048/n-1891472960/n-758140032/n-1179919040/n1580661888/n1491514112/n-109835712/n-767629376/n-256221856/n658614080/n874502336/n-1802983104/n-1769628608/n1402413312/n832618752/n-303439520/n469686144/n770441088/n-995775744/n509018624/n314132000/n1310131392/n1216162496/n1701974144/n2101919040/n-23183360/n-633787712/n569107936/n