30.1
30.1
30.1
30.1
30.1 
30.1 
42.983743480964 
55.558621964135 
68.039498456506 
80.486152307324 
92.948361030467 
105.42234372751 
117.93478985709 
130.47854305864 
143.04904619537 
155.65705929143 
168.29967470241 
180.97967137274 
189.15966804308 
192.83966471342 
192.90473341682 
192.90588394399 
192.9059042873 
192.90590464701 
192.90590465337 
192.90590465348 
192.90590465348 
192.90590465348 
192.90590465348 
192.90590465348 
192.90590465348 
192.90590465348 
192.90590465348 
192.90590465348 
192.90590465348 
192.90590465348 
192.90590465348 
192.90590465348 
192.90590465348 
192.90590465348 
192.90590465348 
192.90590465348 
192.90590465348 
192.90590465348 
192.90590465348 
192.90590465348 