30.1 
30.1 
43.276542447004 
56.395844445699 
69.356098271236 
82.148552803919 
95.254960422427 
108.02963111662 
121.21128298603 
133.99985572759 
147.33910449177 
160.41847168645 
173.46880933683 
186.85911311614 
200.18024974317 
213.68345475634 
222.6866597695 
228.51960301631 
229.85254626311 
229.97989790524 
229.9961460111 
229.9961460111 
229.9961460111 
229.9961460111 
229.9961460111 
229.9961460111 
229.9961460111 
229.9961460111 
229.9961460111 
229.9961460111 
229.9961460111 
229.9961460111 
229.9961460111 
229.9961460111 
229.9961460111 
229.9961460111 
229.9961460111 
229.9961460111 
229.9961460111 
229.9961460111 
229.9961460111 
229.9961460111 
229.9961460111 
229.9961460111 
229.9961460111 
229.9961460111 
229.9961460111 
229.9961460111 
229.9961460111 
229.9961460111 
229.9961460111 
229.9961460111 
229.9961460111 
229.9961460111 -345445159/n2009552973/n1657039395/n2615271/n-635443347/n-2004322431/n-1756048767/n-1820419267/n-2147137195/n5451194/n-1622455184/n721217766/n-1613177899/n733873756/n-1613013861/n734097536/n-1613010961/n734101493/n-1613010910/n734101563/n-1613010909/n734101564/n-1613010909/n734101564/n-1613010909/n734101564/n-1613010909/n734101564/n-1613010909/n734101564/n-1613010909/n734101564/n-1613010909/n734101564/n-1613010909/n734101564/n-1613010909/n734101564/n-1613010909/n734101564/n-1613010909/n734101564/n-1613010909/n734101564/n-1613010909/n734101564/n-1613010909/n734101564/n-1613010909/n734101564/n-1613010909/n734101564/n-1613010909/n734101564/n-1613010909/n734101564/n-1613010909/n734101564/n-1613010909/n734101564/n-1613010909/n734101564/n-1613010909/n734101564/n-1613010909/n734101564/n-1613010909/n734101564/n-1613010909/n734101564/n-1613010909/n734101564/n-1613010909/n734101564/n-1613010909/n734101564/n-1613010909/n734101564/n-1613010909/n734101564/n-1613010909/n734101564/n-1613010909/n734101564/n-1613010909/n734101564/n-1613010909/n734101564/n-1613010909/n734101564/n-1613010909/n734101564/n-1613010909/n734101564/n-1613010909/n734101564/n-1613010909/n734101564/n-1613010909/n734101564/n-1613010909/n-345445159/n2009552973/n1657039395/n2615271/n-635443347/n-2004322431/n-1756048767/n-1820419267/n-2147137195/n5451194/n-1622455184/n721217766/n-1613177899/n733873756/n-1613013861/n734097536/n-1613010961/n734101493/n-1613010910/n734101563/n-1613010909/n734101564/n-1613010909/n734101564/n-1613010909/n734101564/n-1613010909/n734101564/n-1613010909/n734101564/n-1613010909/n734101564/n-1613010909/n734101564/n-1613010909/n734101564/n-1613010909/n734101564/n-1613010909/n734101564/n-1613010909/n734101564/n-1613010909/n734101564/n-1613010909/n734101564/n-1613010909/n734101564/n-1613010909/n734101564/n-1613010909/n734101564/n-1613010909/n734101564/n-1613010909/n734101564/n-1613010909/n734101564/n-1613010909/n734101564/n-1613010909/n734101564/n-1613010909/n734101564/n-1613010909/n734101564/n-1613010909/n734101564/n-1613010909/n734101564/n-1613010909/n734101564/n-1613010909/n734101564/n-1613010909/n734101564/n-1613010909/n734101564/n-1613010909/n734101564/n-1613010909/n734101564/n-1613010909/n734101564/n-1613010909/n734101564/n-1613010909/n734101564/n-1613010909/n734101564/n-1613010909/n734101564/n-1613010909/n734101564/n-1613010909/n734101564/n-1613010909/n734101564/n-1613010909/n734101564/n-1613010909/n734101564/n-1613010909/n734101564/n-1613010909/n734101564/n-1613010909/n734101564/n-1613010909/n734101564/n-1613010909/n734101564/n-1613010909/n734101564/n-1613010909/n734101564/n-1613010909/n734101564/n-1613010909/n734101564/n-1613010909/n734101564/n-345445159/n2009552973/n1657039395/n2615271/n-635443347/n-2004322431/n-1756048767/n-1820419267/n-2147137195/n5451194/n-1622455184/n721217766/n-1613177899/n733873756/n-1613013861/n734097536/n-1613010961/n734101493/n-1613010910/n734101563/n-1613010909/n734101564/n-1613010909/n734101564/n-1613010909/n734101564/n-1613010909/n734101564/n-1613010909/n734101564/n-1613010909/n734101564/n-1613010909/n734101564/n-1613010909/n734101564/n-1613010909/n734101564/n-1613010909/n734101564/n-1613010909/n734101564/n-1613010909/n734101564/n-1613010909/n734101564/n-1613010909/n734101564/n-1613010909/n734101564/n-1613010909/n734101564/n-1613010909/n734101564/n-1613010909/n734101564/n-1613010909/n734101564/n-1613010909/n734101564/n-1613010909/n734101564/n-1613010909/n734101564/n-1613010909/n734101564/n-1613010909/n734101564/n-1613010909/n734101564/n-1613010909/n734101564/n-1613010909/n734101564/n-1613010909/n734101564/n-1613010909/n734101564/n-1613010909/n734101564/n-1613010909/n734101564/n-1613010909/n734101564/n-1613010909/n734101564/n-1613010909/n734101564/n-1613010909/n734101564/n-1613010909/n734101564/n-1613010909/n734101564/n-1613010909/n734101564/n-1613010909/n734101564/n-1613010909/n734101564/n-1613010909/n734101564/n-1613010909/n734101564/n-1613010909/n734101564/n-1613010909/n734101564/n-1613010909/n734101564/n-1613010909/n734101564/n-1613010909/n734101564/n-1613010909/n734101564/n-1613010909/n734101564/n-1613010909/n734101564/n-1613010909/n734101564/n-1613010909/n734101564/n-1613010909/n734101564/n-1613010909/n734101564/n-1613010909/n734101564/n-1613010909/n734101564/n-1613010909/n734101564/n-1613010909/n734101564/n-1613010909/n734101564/n-1613010909/n734101564/n-1613010909/n734101564/n-1613010909/n734101564/n-1613010909/n734101564/n-1613010909/n734101564/n-1613010909/n734101564/n-1613010909/n734101564/n-1613010909/n734101564/n-1613010909/n734101564/n-1613010909/n734101564/n-1613010909/n734101564/n-1613010909/n734101564/n-1613010909/n734101564/n-1613010909/n734101564/n-1613010909/n734101564/n-1613010909/n734101564/n-1613010909/n734101564/n-1613010909/n734101564/n-1613010909/n734101564/n-1613010909/n734101564/n-1613010909/n734101564/n-1613010909/n734101564/n-1613010909/n734101564/n-1613010909/n734101564/n-1613010909/n734101564/n-1613010909/n734101564/n-1613010909/n734101564/n-1613010909/n734101564/n-1613010909/n734101564/n-1613010909/n734101564/n-1613010909/n734101564/n-1613010909/n734101564/n-1613010909/n734101564/n-1613010909/n734101564/n-1613010909/n734101564/n-1613010909/n734101564/n-1613010909/n734101564/n-1613010909/n734101564/n-1613010909/n734101564/n-1613010909/n734101564/n-1613010909/n734101564/n-1613010909/n734101564/n-1613010909/n734101564/n-1613010909/n734101564/n-1613010909/n734101564/n-1613010909/n734101564/n-1613010909/n734101564/n-1613010909/n734101564/n-1613010909/n734101564/n-1613010909/n734101564/n-1613010909/n734101564/n-1613010909/n734101564/n-1613010909/n734101564/n-1613010909/n734101564/n-1613010909/n734101564/n-1613010909/n734101564/n-1613010909/n734101564/n-1613010909/n734101564/n-1613010909/n734101564/n-1613010909/n734101564/n-1613010909/n734101564/n-1613010909/n734101564/n-1613010909/n734101564/n-1613010909/n734101564/n-1613010909/n734101564/n-1613010909/n734101564/n-1613010909/n734101564/n-1613010909/n734101564/n-1613010909/n734101564/n-1613010909/n734101564/n-1613010909/n734101564/n-1613010909/n734101564/n-1613010909/n734101564/n-1613010909/n734101564/n-1613010909/n734101564/n-1613010909/n734101564/n-1613010909/n734101564/n-1613010909/n734101564/n-1613010909/n734101564/n-1613010909/n734101564/n-1613010909/n734101564/n-1613010909/n734101564/n-1613010909/n734101564/n-1613010909/n734101564/n-1613010909/n734101564/n-1613010909/n734101564/n-1613010909/n734101564/n-1613010909/n734101564/n-1613010909/n734101564/n-1613010909/n734101564/n-1613010909/n734101564/n-1613010909/n734101564/n-1613010909/n734101564/n-1613010909/n734101564/n-1613010909/n734101564/n-1613010909/n734101564/n-1613010909/n734101564/n-1613010909/n734101564/n-1613010909/n734101564/n-1613010909/n734101564/n-1613010909/n734101564/n-1613010909/n734101564/n-1613010909/n734101564/n-1613010909/n734101564/n-1613010909/n734101564/n-1613010909/n734101564/n-1613010909/n734101564/n-1613010909/n734101564/n-1613010909/n734101564/n-1613010909/n734101564/n-1613010909/n734101564/n-1613010909/n734101564/n-1613010909/n734101564/n-1613010909/n734101564/n-1613010909/n734101564/n-1613010909/n734101564/n-1613010909/n734101564/n-1613010909/n734101564/n-1613010909/n734101564/n-1613010909/n734101564/n-1613010909/n734101564/n-1613010909/n734101564/n-1613010909/n734101564/n-1613010909/n734101564/n-1613010909/n734101564/n-1613010909/n734101564/n-1613010909/n734101564/n-1613010909/n734101564/n-1613010909/n734101564/n-1613010909/n734101564/n-1613010909/n734101564/n-1613010909/n734101564/n-1613010909/n734101564/n-1613010909/n734101564/n-1613010909/n734101564/n-1613010909/n734101564/n-1613010909/n734101564/n-1613010909/n734101564/n-1613010909/n734101564/n-1613010909/n734101564/n-1613010909/n734101564/n-1613010909/n734101564/n-1613010909/n734101564/n-1613010909/n734101564/n-1613010909/n734101564/n-1613010909/n734101564/n-1613010909/n734101564/n-1613010909/n734101564/n-1613010909/n734101564/n-1613010909/n734101564/n-1613010909/n734101564/n-1613010909/n734101564/n-1613010909/n734101564/n-1613010909/n734101564/n-1613010909/n734101564/n-1613010909/n734101564/n-1613010909/n734101564/n-1613010909/n734101564/n-1613010909/n734101564/n-1613010909/n734101564/n-1613010909/n734101564/n-1613010909/n734101564/n-1613010909/n734101564/n-1613010909/n734101564/n-1613010909/n734101564/n-1613010909/n734101564/n-1613010909/n734101564/n-1613010909/n734101564/n-1613010909/n734101564/n-1613010909/n734101564/n-1613010909/n734101564/n-1613010909/n734101564/n-1613010909/n734101564/n-1613010909/n734101564/n-1613010909/n734101564/n-1613010909/n734101564/n-1613010909/n734101564/n-1613010909/n734101564/n-1613010909/n734101564/n-1613010909/n734101564/n-1613010909/n734101564/n-1613010909/n734101564/n-1613010909/n734101564/n-1613010909/n734101564/n-1613010909/n734101564/n-1613010909/n734101564/n-1613010909/n734101564/n-1613010909/n734101564/n-1613010909/n734101564/n-1613010909/n734101564/n-1613010909/n734101564/n-1613010909/n734101564/n-1613010909/n734101564/n-1613010909/n734101564/n-1613010909/n734101564/n-1613010909/n734101564/n-1613010909/n734101564/n-1613010909/n734101564/n-1613010909/n734101564/n-1613010909/n734101564/n-1613010909/n734101564/n-1613010909/n734101564/n-1613010909/n734101564/n-1613010909/n734101564/n-1613010909/n734101564/n-1613010909/n734101564/n-1613010909/n734101564/n-1613010909/n734101564/n-1613010909/n734101564/n-1613010909/n734101564/n-1613010909/n734101564/n-1613010909/n734101564/n-1613010909/n734101564/n-1613010909/n734101564/n-345445159/n2009552973/n1657039395/n2615271/n-635443347/n-2004322431/n-1756048767/n-1820419267/n-2147137195/n5451194/n-1622455184/n721217766/n-1613177899/n733873756/n-1613013861/n734097536/n-1613010961/n734101493/n-1613010910/n734101563/n-1613010909/n734101564/n-1613010909/n734101564/n-1613010909/n734101564/n-1613010909/n734101564/n-1613010909/n734101564/n-1613010909/n734101564/n-1613010909/n734101564/n-1613010909/n734101564/n-1613010909/n734101564/n-1613010909/n734101564/n-1613010909/n734101564/n-1613010909/n734101564/n-1613010909/n734101564/n-1613010909/n734101564/n-1613010909/n734101564/n-1613010909/n734101564/n-1613010909/n734101564/n-1613010909/n734101564/n-1613010909/n734101564/n-1613010909/n734101564/n-1613010909/n734101564/n-1613010909/n734101564/n-1613010909/n734101564/n-1613010909/n734101564/n-1613010909/n734101564/n-1613010909/n734101564/n-1613010909/n734101564/n-1613010909/n734101564/n-1613010909/n734101564/n-1613010909/n734101564/n-1613010909/n734101564/n-1613010909/n734101564/n-1613010909/n734101564/n-1613010909/n734101564/n-1613010909/n734101564/n-1613010909/n734101564/n-1613010909/n734101564/n-1613010909/n734101564/n-1613010909/n734101564/n-1613010909/n734101564/n-1613010909/n734101564/n-1613010909/n734101564/n-1613010909/n734101564/n-1613010909/n734101564/n-1613010909/n734101564/n-1613010909/n734101564/n-1613010909/n734101564/n-1613010909/n734101564/n-1613010909/n734101564/n-1613010909/n734101564/n-1613010909/n734101564/n-1613010909/n734101564/n-1613010909/n734101564/n-1613010909/n734101564/n-1613010909/n734101564/n-1613010909/n734101564/n-1613010909/n734101564/n-1613010909/n734101564/n-1613010909/n734101564/n-1613010909/n734101564/n-1613010909/n734101564/n-1613010909/n734101564/n-1613010909/n734101564/n-1613010909/n734101564/n-1613010909/n734101564/n-1613010909/n734101564/n-1613010909/n734101564/n-1613010909/n734101564/n-1613010909/n734101564/n-1613010909/n734101564/n-1613010909/n734101564/n-1613010909/n734101564/n-1613010909/n734101564/n-1613010909/n734101564/n-1613010909/n734101564/n-1613010909/n734101564/n-1613010909/n734101564/n-1613010909/n734101564/n-1613010909/n734101564/n-1613010909/n734101564/n-1613010909/n734101564/n-1613010909/n734101564/n-1613010909/n734101564/n-1613010909/n734101564/n-1613010909/n734101564/n-1613010909/n734101564/n-1613010909/n734101564/n-1613010909/n734101564/n-1613010909/n734101564/n-1613010909/n734101564/n-1613010909/n734101564/n-1613010909/n734101564/n-1613010909/n734101564/n-1613010909/n734101564/n-1613010909/n734101564/n-1613010909/n734101564/n-1613010909/n734101564/n-1613010909/n734101564/n-1613010909/n734101564/n-1613010909/n734101564/n-1613010909/n734101564/n-1613010909/n734101564/n-1613010909/n734101564/n-1613010909/n734101564/n-1613010909/n734101564/n-1613010909/n734101564/n-1613010909/n734101564/n-1613010909/n734101564/n-1613010909/n734101564/n-1613010909/n734101564/n-1613010909/n734101564/n-1613010909/n734101564/n-1613010909/n734101564/n-1613010909/n734101564/n-1613010909/n734101564/n-1613010909/n734101564/n-1613010909/n734101564/n-1613010909/n734101564/n-1613010909/n734101564/n-1613010909/n734101564/n-1613010909/n734101564/n-1613010909/n734101564/n-1613010909/n734101564/n-1613010909/n734101564/n-1613010909/n734101564/n-1613010909/n734101564/n-1613010909/n734101564/n-1613010909/n734101564/n-1613010909/n734101564/n-1613010909/n734101564/n-1613010909/n734101564/n-1613010909/n734101564/n-1613010909/n734101564/n-1613010909/n734101564/n-1613010909/n734101564/n-1613010909/n734101564/n-1613010909/n734101564/n-1613010909/n734101564/n-1613010909/n734101564/n-1613010909/n734101564/n-1613010909/n734101564/n-1613010909/n734101564/n-1613010909/n734101564/n-1613010909/n734101564/n-1613010909/n734101564/n-1613010909/n734101564/n-1613010909/n734101564/n-1613010909/n734101564/n-1613010909/n734101564/n-1613010909/n734101564/n-1613010909/n734101564/n-1613010909/n734101564/n-1613010909/n734101564/n-1613010909/n734101564/n-1613010909/n734101564/n-1613010909/n734101564/n-1613010909/n734101564/n-1613010909/n734101564/n-1613010909/n734101564/n-1613010909/n734101564/n-1613010909/n734101564/n-1613010909/n734101564/n-1613010909/n734101564/n-1613010909/n734101564/n-1613010909/n734101564/n-1613010909/n734101564/n-1613010909/n734101564/n-1613010909/n734101564/n-1613010909/n734101564/n-1613010909/n734101564/n-1613010909/n734101564/n-1613010909/n734101564/n-1613010909/n734101564/n-1613010909/n734101564/n-1613010909/n734101564/n-1613010909/n734101564/n-1613010909/n734101564/n-1613010909/n734101564/n-1613010909/n734101564/n-1613010909/n734101564/n-1613010909/n734101564/n-1613010909/n734101564/n-1613010909/n734101564/n-1613010909/n734101564/n-1613010909/n734101564/n-1613010909/n734101564/n-1613010909/n734101564/n-1613010909/n734101564/n-1613010909/n734101564/n-1613010909/n734101564/n-1613010909/n734101564/n-1613010909/n734101564/n-1613010909/n734101564/n-1613010909/n734101564/n-1613010909/n734101564/n-1613010909/n734101564/n-1613010909/n734101564/n-1613010909/n734101564/n-1613010909/n734101564/n-1613010909/n734101564/n-1613010909/n734101564/n-1613010909/n734101564/n-1613010909/n734101564/n-1613010909/n734101564/n-1613010909/n734101564/n-1613010909/n734101564/n-1613010909/n734101564/n-1613010909/n734101564/n-1613010909/n734101564/n-1613010909/n734101564/n-1613010909/n734101564/n-1613010909/n734101564/n-1613010909/n734101564/n-1613010909/n734101564/n-1613010909/n734101564/n-1613010909/n734101564/n-1613010909/n734101564/n-1613010909/n734101564/n-1613010909/n734101564/n-1613010909/n734101564/n-1613010909/n734101564/n-1613010909/n734101564/n-1613010909/n734101564/n-1613010909/n734101564/n-1613010909/n734101564/n-1613010909/n734101564/n-1613010909/n734101564/n-1613010909/n734101564/n-1613010909/n734101564/n-1613010909/n734101564/n-1613010909/n734101564/n-1613010909/n734101564/n-1613010909/n734101564/n-1613010909/n734101564/n-1613010909/n734101564/n-1613010909/n734101564/n-1613010909/n734101564/n-1613010909/n734101564/n-1613010909/n734101564/n-1613010909/n734101564/n-1613010909/n734101564/n-1613010909/n734101564/n-1613010909/n734101564/n-1613010909/n734101564/n-1613010909/n734101564/n-1613010909/n734101564/n-1613010909/n734101564/n-1613010909/n734101564/n-1613010909/n734101564/n-1613010909/n734101564/n-1613010909/n734101564/n-1613010909/n734101564/n-1613010909/n734101564/n-1613010909/n734101564/n-1613010909/n734101564/n-1613010909/n734101564/n-1613010909/n734101564/n-1613010909/n734101564/n-1613010909/n734101564/n-1613010909/n734101564/n-1613010909/n734101564/n-1613010909/n734101564/n-1613010909/n734101564/n-1613010909/n734101564/n-1613010909/n734101564/n-1613010909/n734101564/n-1613010909/n734101564/n-1613010909/n734101564/n-1613010909/n734101564/n-1613010909/n734101564/n-1613010909/n734101564/n-1613010909/n734101564/n-1613010909/n734101564/n-345445159/n2009552973/n1657039395/n2615271/n-635443347/n-2004322431/n-153606086/n1855591114/n-1192189289/n-727823817/n-1124833330/n-635937412/n-1124232534/n-635117811/n-1124227175/n-635110500/n-1124227127/n-635110435/n-1124227127/n-635110434/n-1124227127/n-635110434/n-1124227127/n-635110434/n-1124227127/n-635110434/n-1124227127/n-635110434/n-1124227127/n-635110434/n-1124227127/n-635110434/n-1124227127/n-635110434/n-1124227127/n-635110434/n-1124227127/n-635110434/n-1124227127/n-635110434/n-1124227127/n-635110434/n-1124227127/n-635110434/n-1124227127/n-635110434/n-1124227127/n-635110434/n-1124227127/n-635110434/n-1124227127/n-635110434/n-1124227127/n-635110434/n-1124227127/n-635110434/n-1124227127/n-635110434/n-1124227127/n-635110434/n-1124227127/n-635110434/n-1124227127/n-635110434/n-1124227127/n-635110434/n-1124227127/n-635110434/n-1124227127/n-635110434/n-1124227127/n-635110434/n-1124227127/n-635110434/n-1124227127/n-635110434/n-1124227127/n-635110434/n-1124227127/n-635110434/n-1124227127/n-635110434/n-1124227127/n-635110434/n-1124227127/n-635110434/n-1124227127/n-635110434/n-1124227127/n-635110434/n-1124227127/n-635110434/n-1124227127/n-635110434/n-1124227127/n-635110434/n-1124227127/n-635110434/n-1124227127/n-635110434/n-1124227127/n-635110434/n-1124227127/n-635110434/n-1124227127/n-635110434/n-1124227127/n-635110434/n-1124227127/n-635110434/n-1124227127/n-635110434/n-1124227127/n-635110434/n-1124227127/n-635110434/n-1124227127/n-635110434/n-1124227127/n-635110434/n-1124227127/n-635110434/n-1124227127/n-635110434/n-1124227127/n-635110434/n-1124227127/n-635110434/n-1124227127/n-635110434/n-1124227127/n-635110434/n-1124227127/n-635110434/n-1124227127/n-635110434/n-1124227127/n-635110434/n-1124227127/n-635110434/n-1124227127/n-635110434/n-1124227127/n-635110434/n-1124227127/n-635110434/n-1124227127/n-635110434/n-1124227127/n-635110434/n-1124227127/n-635110434/n-1124227127/n-635110434/n-1124227127/n-635110434/n-1124227127/n-635110434/n-1124227127/n-635110434/n-1124227127/n-635110434/n-1124227127/n-635110434/n-1124227127/n-635110434/n-1124227127/n-635110434/n-1124227127/n-635110434/n-1124227127/n-635110434/n-1124227127/n-635110434/n-1124227127/n-635110434/n-1124227127/n-635110434/n-1124227127/n-635110434/n-1124227127/n-635110434/n-1124227127/n-635110434/n-1124227127/n-635110434/n-1124227127/n-635110434/n-1124227127/n-635110434/n-1124227127/n-635110434/n-1124227127/n-635110434/n-1124227127/n-635110434/n-1124227127/n-635110434/n-1124227127/n-635110434/n-1124227127/n-635110434/n-1124227127/n-635110434/n-1124227127/n-635110434/n-1124227127/n-635110434/n-1124227127/n-635110434/n-1124227127/n-635110434/n-1124227127/n-635110434/n-1124227127/n-635110434/n-1124227127/n-635110434/n-1124227127/n-635110434/n-1124227127/n-635110434/n-1124227127/n-635110434/n-1124227127/n-635110434/n-1124227127/n-635110434/n-1124227127/n-635110434/n-1124227127/n-635110434/n-1124227127/n-635110434/n-1124227127/n-635110434/n-1124227127/n-635110434/n-1124227127/n-635110434/n-1124227127/n-635110434/n-1124227127/n-635110434/n-1124227127/n-635110434/n-1124227127/n-635110434/n-1124227127/n-635110434/n-1124227127/n-635110434/n-1124227127/n-635110434/n-1124227127/n-635110434/n-1124227127/n-635110434/n-1124227127/n-635110434/n-1124227127/n-635110434/n-1124227127/n-635110434/n-1124227127/n-635110434/n-1124227127/n-635110434/n-1124227127/n-635110434/n-1124227127/n-635110434/n-1124227127/n-635110434/n-1124227127/n-635110434/n-1124227127/n-635110434/n-1124227127/n-635110434/n-1124227127/n-635110434/n-1124227127/n-635110434/n-1124227127/n-635110434/n-1124227127/n-635110434/n-1124227127/n-635110434/n-1124227127/n-635110434/n-1124227127/n-635110434/n-1124227127/n-635110434/n-1124227127/n-635110434/n-1124227127/n-635110434/n-1124227127/n-635110434/n-1124227127/n-635110434/n-1124227127/n-635110434/n-1124227127/n-635110434/n-1124227127/n-635110434/n-1124227127/n-635110434/n-1124227127/n-635110434/n-1124227127/n-635110434/n-1124227127/n-635110434/n-1124227127/n-635110434/n-1124227127/n-635110434/n-1124227127/n-635110434/n-1124227127/n-635110434/n-1124227127/n-635110434/n-1124227127/n-635110434/n-1124227127/n-635110434/n-1124227127/n-635110434/n-1124227127/n-635110434/n-1124227127/n-635110434/n-1124227127/n-635110434/n-1124227127/n-635110434/n-1124227127/n-635110434/n-1124227127/n-635110434/n-1124227127/n-635110434/n-1124227127/n-635110434/n-1124227127/n-635110434/n-1124227127/n-635110434/n-1124227127/n-635110434/n-1124227127/n-635110434/n-1124227127/n-635110434/n-1124227127/n-635110434/n-1124227127/n-635110434/n-1124227127/n-635110434/n-1124227127/n-635110434/n-1124227127/n-635110434/n-1124227127/n-635110434/n-1124227127/n-635110434/n-1124227127/n-635110434/n-1124227127/n-635110434/n-1124227127/n-635110434/n-1124227127/n-635110434/n-1124227127/n-635110434/n-1124227127/n-635110434/n-1124227127/n-635110434/n-1124227127/n-635110434/n-1124227127/n-635110434/n-1124227127/n-635110434/n-1124227127/n-635110434/n-1124227127/n-635110434/n-1124227127/n-635110434/n-1124227127/n-635110434/n-1124227127/n-635110434/n-1124227127/n-635110434/n-1124227127/n-635110434/n-1124227127/n-635110434/n-1124227127/n-635110434/n-1124227127/n-635110434/n-1124227127/n-635110434/n-1124227127/n-635110434/n-1124227127/n-635110434/n-1124227127/n-635110434/n-1124227127/n-635110434/n-1124227127/n-635110434/n-1124227127/n-635110434/n-1124227127/n-635110434/n-1124227127/n-635110434/n-1124227127/n-635110434/n-1124227127/n-635110434/n-1124227127/n-635110434/n-1124227127/n-635110434/n-1124227127/n-635110434/n-1124227127/n-635110434/n-1124227127/n-635110434/n-1124227127/n-635110434/n-1124227127/n-635110434/n-1124227127/n-635110434/n-1124227127/n-635110434/n-1124227127/n-635110434/n-1124227127/n-635110434/n-1124227127/n-635110434/n-1124227127/n-635110434/n-1124227127/n-635110434/n-1124227127/n-635110434/n-1124227127/n-635110434/n-1124227127/n-635110434/n-1124227127/n-635110434/n-1124227127/n-635110434/n-1124227127/n-635110434/n-1124227127/n-635110434/n-1124227127/n-635110434/n-1124227127/n-635110434/n-1124227127/n-635110434/n-1124227127/n-635110434/n-1124227127/n-635110434/n-1124227127/n-635110434/n-1124227127/n-635110434/n-1124227127/n-635110434/n-1124227127/n-635110434/n-1124227127/n-635110434/n-1124227127/n-635110434/n-1124227127/n-635110434/n-1124227127/n-635110434/n-1124227127/n-635110434/n-1124227127/n-345445159/n2009552973/n1657039395/n2615271/n-635443347/n-2004322431/n-153606086/n1855591114/n-1192189289/n-727823817/n-1124833330/n-635937412/n-1124232534/n-635117811/n-1124227175/n-635110500/n-1124227127/n-635110435/n-1124227127/n-635110434/n-1124227127/n-635110434/n-1124227127/n-635110434/n-1124227127/n-635110434/n-1124227127/n-635110434/n-1124227127/n-635110434/n-1124227127/n-635110434/n-1124227127/n-635110434/n-1124227127/n-635110434/n-1124227127/n-635110434/n-1124227127/n-635110434/n-1124227127/n-635110434/n-1124227127/n-635110434/n-1124227127/n-635110434/n-1124227127/n-635110434/n-1124227127/n-635110434/n-1124227127/n-635110434/n-1124227127/n-635110434/n-1124227127/n-635110434/n-1124227127/n-635110434/n-1124227127/n-635110434/n-1124227127/n-635110434/n-1124227127/n-635110434/n-1124227127/n-635110434/n-1124227127/n-635110434/n-1124227127/n-635110434/n-1124227127/n-635110434/n-1124227127/n-635110434/n-1124227127/n-635110434/n-1124227127/n-635110434/n-1124227127/n-635110434/n-1124227127/n-635110434/n-1124227127/n-635110434/n-1124227127/n-635110434/n-1124227127/n-635110434/n-1124227127/n-635110434/n-1124227127/n-635110434/n-1124227127/n-635110434/n-1124227127/n-635110434/n-1124227127/n-635110434/n-1124227127/n-635110434/n-1124227127/n-635110434/n-1124227127/n-635110434/n-1124227127/n-635110434/n-1124227127/n-635110434/n-1124227127/n-635110434/n-1124227127/n-635110434/n-1124227127/n-635110434/n-1124227127/n-635110434/n-1124227127/n-635110434/n-1124227127/n-635110434/n-1124227127/n-635110434/n-1124227127/n-635110434/n-1124227127/n-635110434/n-1124227127/n-635110434/n-1124227127/n-635110434/n-1124227127/n-635110434/n-1124227127/n-635110434/n-1124227127/n-635110434/n-1124227127/n-635110434/n-1124227127/n-635110434/n-1124227127/n-635110434/n-1124227127/n-635110434/n-1124227127/n-635110434/n-1124227127/n-635110434/n-1124227127/n-635110434/n-1124227127/n-635110434/n-1124227127/n-635110434/n-1124227127/n-635110434/n-1124227127/n-635110434/n-1124227127/n-635110434/n-1124227127/n-635110434/n-1124227127/n-635110434/n-1124227127/n-635110434/n-345445159/n2009552973/n1657039395/n2615271/n-635443347/n-2004322431/n-153606086/n1855591114/n-1192189289/n-727823817/n-1124833330/n-635937412/n-1124232534/n-635117811/n-1124227175/n-635110500/n-1124227127/n-635110435/n-1124227127/n-635110434/n-1124227127/n-635110434/n-1124227127/n-635110434/n-1124227127/n-635110434/n-1124227127/n-635110434/n-1124227127/n-635110434/n-1124227127/n-635110434/n-1124227127/n-635110434/n-1124227127/n-635110434/n-1124227127/n-635110434/n-1124227127/n-635110434/n-1124227127/n-635110434/n-1124227127/n-635110434/n-1124227127/n-635110434/n-1124227127/n-635110434/n-1124227127/n-635110434/n-1124227127/n-635110434/n-1124227127/n-635110434/n-1124227127/n-635110434/n-1124227127/n-635110434/n-1124227127/n-635110434/n-1124227127/n-635110434/n-1124227127/n-635110434/n-1124227127/n-635110434/n-1124227127/n-635110434/n-1124227127/n-635110434/n-1124227127/n-635110434/n-1124227127/n-635110434/n-1124227127/n-635110434/n-1124227127/n-635110434/n-1124227127/n-635110434/n-1124227127/n-635110434/n-1124227127/n-635110434/n-1124227127/n-635110434/n-1124227127/n-635110434/n-1124227127/n-635110434/n-1124227127/n-635110434/n-1124227127/n-635110434/n-1124227127/n-635110434/n-1124227127/n-635110434/n-1124227127/n-635110434/n-1124227127/n-635110434/n-1124227127/n-635110434/n-1124227127/n-635110434/n-1124227127/n-635110434/n-1124227127/n-635110434/n-1124227127/n-635110434/n-1124227127/n-635110434/n-1124227127/n-635110434/n-1124227127/n-635110434/n-1124227127/n-635110434/n-1124227127/n-635110434/n-1124227127/n-635110434/n-1124227127/n-635110434/n-1124227127/n-635110434/n-1124227127/n-635110434/n-1124227127/n-635110434/n-1124227127/n-635110434/n-1124227127/n-635110434/n-1124227127/n-635110434/n-1124227127/n-635110434/n-1124227127/n-635110434/n-1124227127/n-635110434/n-1124227127/n-635110434/n-1124227127/n-635110434/n-1124227127/n-635110434/n-1124227127/n-635110434/n-1124227127/n-635110434/n-1124227127/n-635110434/n-1124227127/n-635110434/n-1124227127/n-635110434/n-1124227127/n-635110434/n-1124227127/n-635110434/n-1124227127/n-635110434/n-345445159/n2009552973/n1657039395/n2615271/n-635443347/n-2004322431/n-153606086/n1855591114/n-1192189289/n-727823817/n-1124833330/n-635937412/n-1124232534/n-635117811/n-1124227175/n-635110500/n-1124227127/n-635110435/n-1124227127/n-635110434/n-1124227127/n-635110434/n-1124227127/n-635110434/n-1124227127/n-635110434/n-1124227127/n-635110434/n-1124227127/n-635110434/n-1124227127/n-635110434/n-1124227127/n-635110434/n-1124227127/n-635110434/n-1124227127/n-635110434/n-1124227127/n-635110434/n-1124227127/n-635110434/n-1124227127/n-635110434/n-1124227127/n-635110434/n-1124227127/n-635110434/n-1124227127/n-635110434/n-1124227127/n-635110434/n-1124227127/n-635110434/n-1124227127/n-635110434/n-1124227127/n-635110434/n-1124227127/n-635110434/n-1124227127/n-635110434/n-1124227127/n-635110434/n-1124227127/n-635110434/n-1124227127/n-635110434/n-1124227127/n-635110434/n-1124227127/n-635110434/n-1124227127/n-635110434/n-1124227127/n-635110434/n-1124227127/n-635110434/n-1124227127/n-635110434/n-1124227127/n-635110434/n-1124227127/n-635110434/n-1124227127/n-635110434/n-1124227127/n-635110434/n-1124227127/n-635110434/n-1124227127/n-635110434/n-1124227127/n-635110434/n-1124227127/n-635110434/n-1124227127/n-635110434/n-1124227127/n-635110434/n-1124227127/n-635110434/n-1124227127/n-635110434/n-1124227127/n-635110434/n-1124227127/n-635110434/n-1124227127/n-635110434/n-1124227127/n-635110434/n-1124227127/n-635110434/n-1124227127/n-635110434/n-1124227127/n-635110434/n-1124227127/n-635110434/n-1124227127/n-635110434/n-1124227127/n-635110434/n-1124227127/n-635110434/n-1124227127/n-635110434/n-1124227127/n-635110434/n-1124227127/n-635110434/n-1124227127/n-635110434/n-1124227127/n-635110434/n-1124227127/n-635110434/n-1124227127/n-635110434/n-1124227127/n-635110434/n-1124227127/n-635110434/n-1124227127/n-635110434/n-1124227127/n-635110434/n-1124227127/n-635110434/n-1124227127/n-635110434/n-1124227127/n-635110434/n-1124227127/n-635110434/n-1124227127/n-635110434/n-1124227127/n-635110434/n-1124227127/n-635110434/n-1124227127/n-635110434/n-1124227127/n-635110434/n-345445159/n2009552973/n1657039395/n2615271/n-635443347/n-2004322431/n-153606086/n1855591114/n-1192189289/n-727823817/n-1124833330/n-635937412/n-1124232534/n-635117811/n-1124227175/n-635110500/n-1124227127/n-635110435/n-1124227127/n-635110434/n-1124227127/n-635110434/n-1124227127/n-635110434/n-1124227127/n-635110434/n-1124227127/n-635110434/n-1124227127/n-635110434/n-1124227127/n-635110434/n-1124227127/n-635110434/n-1124227127/n-635110434/n-1124227127/n-635110434/n-1124227127/n-635110434/n-1124227127/n-635110434/n-1124227127/n-635110434/n-1124227127/n-635110434/n-1124227127/n-635110434/n-1124227127/n-635110434/n-1124227127/n-635110434/n-1124227127/n-635110434/n-1124227127/n-635110434/n-1124227127/n-635110434/n-1124227127/n-635110434/n-1124227127/n-635110434/n-1124227127/n-635110434/n-1124227127/n-635110434/n-1124227127/n-635110434/n-1124227127/n-635110434/n-1124227127/n-635110434/n-1124227127/n-635110434/n-1124227127/n-635110434/n-1124227127/n-635110434/n-1124227127/n-635110434/n-1124227127/n-635110434/n-1124227127/n-635110434/n-1124227127/n-635110434/n-1124227127/n-635110434/n-1124227127/n-635110434/n-1124227127/n-635110434/n-1124227127/n-635110434/n-1124227127/n-635110434/n-1124227127/n-635110434/n-1124227127/n-635110434/n-1124227127/n-635110434/n-1124227127/n-635110434/n-1124227127/n-635110434/n-1124227127/n-635110434/n-1124227127/n-635110434/n-1124227127/n-635110434/n-1124227127/n-635110434/n-1124227127/n-635110434/n-1124227127/n-635110434/n-1124227127/n-635110434/n-1124227127/n-635110434/n-1124227127/n-635110434/n-1124227127/n-635110434/n-1124227127/n-635110434/n-1124227127/n-635110434/n-1124227127/n-635110434/n-1124227127/n-635110434/n-1124227127/n-635110434/n-1124227127/n-635110434/n-1124227127/n-635110434/n-1124227127/n-635110434/n-1124227127/n-635110434/n-1124227127/n-635110434/n-1124227127/n-635110434/n-1124227127/n-635110434/n-1124227127/n-635110434/n-1124227127/n-635110434/n-1124227127/n-635110434/n-1124227127/n-635110434/n-1124227127/n-635110434/n-1124227127/n-635110434/n-1124227127/n-635110434/n-1124227127/n-635110434/n-345445159/n2009552973/n1657039395/n2615271/n-635443347/n-2004322431/n-153606086/n1855591114/n-1192189289/n-727823817/n-1124833330/n-635937412/n-1124232534/n-635117811/n-1124227175/n-635110500/n-1124227127/n-635110435/n-1124227127/n-635110434/n-1124227127/n-635110434/n-1124227127/n-635110434/n-1124227127/n-635110434/n-1124227127/n-635110434/n-1124227127/n-635110434/n-1124227127/n-635110434/n-1124227127/n-635110434/n-1124227127/n-635110434/n-1124227127/n-635110434/n-1124227127/n-635110434/n-1124227127/n-635110434/n-1124227127/n-635110434/n-1124227127/n-635110434/n-1124227127/n-635110434/n-1124227127/n-635110434/n-1124227127/n-635110434/n-1124227127/n-635110434/n-1124227127/n-635110434/n-1124227127/n-635110434/n-1124227127/n-635110434/n-1124227127/n-635110434/n-1124227127/n-635110434/n-1124227127/n-635110434/n-1124227127/n-635110434/n-1124227127/n-635110434/n-1124227127/n-635110434/n-1124227127/n-635110434/n-1124227127/n-635110434/n-1124227127/n-635110434/n-1124227127/n-635110434/n-1124227127/n-635110434/n-1124227127/n-635110434/n-1124227127/n-635110434/n-1124227127/n-635110434/n-1124227127/n-635110434/n-1124227127/n-635110434/n-1124227127/n-635110434/n-1124227127/n-635110434/n-1124227127/n-635110434/n-1124227127/n-635110434/n-1124227127/n-635110434/n-1124227127/n-635110434/n-1124227127/n-635110434/n-1124227127/n-635110434/n-1124227127/n-635110434/n-1124227127/n-635110434/n-1124227127/n-635110434/n-1124227127/n-635110434/n-1124227127/n-635110434/n-1124227127/n-635110434/n-1124227127/n-635110434/n-1124227127/n-635110434/n-1124227127/n-635110434/n-1124227127/n-635110434/n-1124227127/n-635110434/n-1124227127/n-635110434/n-1124227127/n-635110434/n-1124227127/n-635110434/n-1124227127/n-635110434/n-1124227127/n-635110434/n-1124227127/n-635110434/n-1124227127/n-635110434/n-1124227127/n-635110434/n-1124227127/n-635110434/n-1124227127/n-635110434/n-1124227127/n-635110434/n-1124227127/n-635110434/n-1124227127/n-635110434/n-1124227127/n-635110434/n-1124227127/n-635110434/n-1124227127/n-635110434/n-1124227127/n-635110434/n-1124227127/n-635110434/n-345445159/n2009552973/n1657039395/n2615271/n-635443347/n-2004322431/n-153606086/n1855591114/n-1192189289/n-727823817/n-1124833330/n-635937412/n-1124232534/n-635117811/n-1124227175/n-635110500/n-1124227127/n-635110435/n-1124227127/n-635110434/n-1124227127/n-635110434/n-1124227127/n-635110434/n-1124227127/n-635110434/n-1124227127/n-635110434/n-1124227127/n-635110434/n-1124227127/n-635110434/n-1124227127/n-635110434/n-1124227127/n-635110434/n-1124227127/n-635110434/n-1124227127/n-635110434/n-1124227127/n-635110434/n-1124227127/n-635110434/n-1124227127/n-635110434/n-1124227127/n-635110434/n-1124227127/n-635110434/n-1124227127/n-635110434/n-1124227127/n-635110434/n-1124227127/n-635110434/n-1124227127/n-635110434/n-1124227127/n-635110434/n-1124227127/n-635110434/n-1124227127/n-635110434/n-1124227127/n-635110434/n-1124227127/n-635110434/n-1124227127/n-635110434/n-1124227127/n-635110434/n-1124227127/n-635110434/n-1124227127/n-635110434/n-1124227127/n-635110434/n-1124227127/n-635110434/n-1124227127/n-635110434/n-1124227127/n-635110434/n-1124227127/n-635110434/n-1124227127/n-635110434/n-1124227127/n-635110434/n-1124227127/n-635110434/n-1124227127/n-635110434/n-1124227127/n-635110434/n-1124227127/n-635110434/n-1124227127/n-635110434/n-1124227127/n-635110434/n-1124227127/n-635110434/n-1124227127/n-635110434/n-1124227127/n-635110434/n-1124227127/n-635110434/n-1124227127/n-635110434/n-1124227127/n-635110434/n-1124227127/n-635110434/n-1124227127/n-635110434/n-1124227127/n-635110434/n-1124227127/n-635110434/n-1124227127/n-635110434/n-1124227127/n-635110434/n-1124227127/n-635110434/n-1124227127/n-635110434/n-1124227127/n-635110434/n-1124227127/n-635110434/n-1124227127/n-635110434/n-1124227127/n-635110434/n-1124227127/n-635110434/n-1124227127/n-635110434/n-1124227127/n-635110434/n-1124227127/n-635110434/n-1124227127/n-635110434/n-1124227127/n-635110434/n-1124227127/n-635110434/n-1124227127/n-635110434/n-1124227127/n-635110434/n-1124227127/n-635110434/n-1124227127/n-635110434/n-1124227127/n-635110434/n-1124227127/n-635110434/n-1124227127/n-635110434/n-345445159/n2009552973/n1657039395/n2615271/n-635443347/n-2004322431/n-153606086/n1855591114/n-1192189289/n-727823817/n-1124833330/n-635937412/n-1124232534/n-635117811/n-1124227175/n-635110500/n-1124227127/n-635110435/n-1124227127/n-635110434/n-1124227127/n-635110434/n-1124227127/n-635110434/n-1124227127/n-635110434/n-1124227127/n-635110434/n-1124227127/n-635110434/n-1124227127/n-635110434/n-1124227127/n-635110434/n-1124227127/n-635110434/n-1124227127/n-635110434/n-1124227127/n-635110434/n-1124227127/n-635110434/n-1124227127/n-635110434/n-1124227127/n-635110434/n-1124227127/n-635110434/n-1124227127/n-635110434/n-1124227127/n-635110434/n-1124227127/n-635110434/n-1124227127/n-635110434/n-1124227127/n-635110434/n-1124227127/n-635110434/n-1124227127/n-635110434/n-1124227127/n-635110434/n-1124227127/n-635110434/n-1124227127/n-635110434/n-1124227127/n-635110434/n-1124227127/n-635110434/n-1124227127/n-635110434/n-1124227127/n-635110434/n-1124227127/n-635110434/n-1124227127/n-635110434/n-1124227127/n-635110434/n-1124227127/n-635110434/n-1124227127/n-635110434/n-1124227127/n-635110434/n-1124227127/n-635110434/n-1124227127/n-635110434/n-1124227127/n-635110434/n-1124227127/n-635110434/n-1124227127/n-635110434/n-1124227127/n-635110434/n-1124227127/n-635110434/n-1124227127/n-635110434/n-1124227127/n-635110434/n-1124227127/n-635110434/n-1124227127/n-635110434/n-1124227127/n-635110434/n-1124227127/n-635110434/n-1124227127/n-635110434/n-1124227127/n-635110434/n-1124227127/n-635110434/n-1124227127/n-635110434/n-1124227127/n-635110434/n-1124227127/n-635110434/n-1124227127/n-635110434/n-1124227127/n-635110434/n-1124227127/n-635110434/n-1124227127/n-635110434/n-1124227127/n-635110434/n-1124227127/n-635110434/n-1124227127/n-635110434/n-1124227127/n-635110434/n-1124227127/n-635110434/n-1124227127/n-635110434/n-1124227127/n-635110434/n-1124227127/n-635110434/n-1124227127/n-635110434/n-1124227127/n-635110434/n-1124227127/n-635110434/n-1124227127/n-635110434/n-1124227127/n-635110434/n-1124227127/n-635110434/n-1124227127/n-635110434/n-1124227127/n-635110434/n-345445159/n2009552973/n1657039395/n2615271/n-635443347/n-2004322431/n-1756048767/n-1820419267/n-2147137195/n5451194/n-1622455184/n721217766/n-1613177899/n733873756/n-1613013861/n734097536/n-1613010961/n734101493/n-1613010910/n734101563/n-1613010909/n734101564/n-1613010909/n734101564/n-1613010909/n734101564/n-1613010909/n734101564/n-1613010909/n734101564/n-1613010909/n734101564/n-1613010909/n734101564/n-1613010909/n734101564/n-1613010909/n734101564/n-1613010909/n734101564/n-1613010909/n734101564/n-1613010909/n734101564/n-1613010909/n734101564/n-1613010909/n734101564/n-1613010909/n734101564/n-1613010909/n734101564/n-1613010909/n734101564/n-1613010909/n734101564/n-1613010909/n734101564/n-1613010909/n734101564/n-1613010909/n734101564/n-1613010909/n734101564/n-1613010909/n734101564/n-1613010909/n734101564/n-1613010909/n734101564/n-1613010909/n734101564/n-1613010909/n734101564/n-1613010909/n734101564/n-1613010909/n734101564/n-1613010909/n734101564/n-1613010909/n734101564/n-1613010909/n734101564/n-1613010909/n734101564/n-1613010909/n734101564/n-1613010909/n734101564/n-1613010909/n734101564/n-1613010909/n734101564/n-1613010909/n734101564/n-1613010909/n734101564/n-1613010909/n734101564/n-1613010909/n734101564/n-1613010909/n734101564/n-1613010909/n734101564/n-1613010909/n734101564/n-1613010909/n734101564/n-1613010909/n734101564/n-1613010909/n734101564/n-1613010909/n734101564/n-1613010909/n734101564/n-1613010909/n734101564/n-1613010909/n734101564/n-1613010909/n734101564/n-1613010909/n734101564/n-1613010909/n734101564/n-1613010909/n734101564/n-1613010909/n734101564/n-1613010909/n734101564/n-1613010909/n734101564/n-1613010909/n734101564/n-1613010909/n734101564/n-1613010909/n734101564/n-1613010909/n734101564/n-1613010909/n734101564/n-1613010909/n734101564/n-1613010909/n734101564/n-1613010909/n734101564/n-1613010909/n734101564/n-1613010909/n734101564/n-1613010909/n734101564/n-1613010909/n734101564/n-1613010909/n734101564/n-1613010909/n734101564/n-1613010909/n734101564/n-345445159/n2009552973/n1657039395/n2615271/n-635443347/n-2004322431/n-1756048767/n-1820419267/n-2147137195/n5451194/n-1622455184/n721217766/n-1613177899/n733873756/n-1613013861/n734097536/n-1613010961/n734101493/n-1613010910/n734101563/n-1613010909/n734101564/n-1613010909/n734101564/n-1613010909/n734101564/n-1613010909/n734101564/n-1613010909/n734101564/n-1613010909/n734101564/n-1613010909/n734101564/n-1613010909/n734101564/n-1613010909/n734101564/n-1613010909/n734101564/n-1613010909/n734101564/n-1613010909/n734101564/n-1613010909/n734101564/n-1613010909/n734101564/n-1613010909/n734101564/n-1613010909/n734101564/n-1613010909/n734101564/n-1613010909/n734101564/n-1613010909/n734101564/n-1613010909/n734101564/n-1613010909/n734101564/n-1613010909/n734101564/n-1613010909/n734101564/n-1613010909/n734101564/n-1613010909/n734101564/n-1613010909/n734101564/n-1613010909/n734101564/n-1613010909/n734101564/n-1613010909/n734101564/n-1613010909/n734101564/n-1613010909/n734101564/n-1613010909/n734101564/n-1613010909/n734101564/n-1613010909/n734101564/n-1613010909/n734101564/n-1613010909/n734101564/n-1613010909/n734101564/n-1613010909/n734101564/n-1613010909/n734101564/n-1613010909/n734101564/n-1613010909/n734101564/n-1613010909/n734101564/n-1613010909/n734101564/n-1613010909/n734101564/n-1613010909/n734101564/n-1613010909/n734101564/n-1613010909/n734101564/n-1613010909/n734101564/n-1613010909/n734101564/n-1613010909/n734101564/n-1613010909/n734101564/n-1613010909/n734101564/n-1613010909/n734101564/n-1613010909/n734101564/n-1613010909/n734101564/n-1613010909/n734101564/n-1613010909/n734101564/n-1613010909/n734101564/n-1613010909/n734101564/n-1613010909/n734101564/n-1613010909/n734101564/n-1613010909/n734101564/n-1613010909/n734101564/n-1613010909/n734101564/n-1613010909/n734101564/n-1613010909/n734101564/n-1613010909/n734101564/n-1613010909/n734101564/n-1613010909/n734101564/n-1613010909/n734101564/n-1613010909/n734101564/n-1613010909/n734101564/n-1613010909/n734101564/n-345445159/n2009552973/n1657039395/n2615271/n-635443347/n-2004322431/n-1756048767/n-1820419267/n-2147137195/n5451194/n-1622455184/n721217766/n-1613177899/n733873756/n-1613013861/n734097536/n-1613010961/n734101493/n-1613010910/n734101563/n-1613010909/n734101564/n-1613010909/n734101564/n-1613010909/n734101564/n-1613010909/n734101564/n-1613010909/n734101564/n-1613010909/n734101564/n-1613010909/n734101564/n-1613010909/n734101564/n-1613010909/n734101564/n-1613010909/n734101564/n-1613010909/n734101564/n-1613010909/n734101564/n-1613010909/n734101564/n-1613010909/n734101564/n-1613010909/n734101564/n-1613010909/n734101564/n-1613010909/n734101564/n-1613010909/n734101564/n-1613010909/n734101564/n-1613010909/n734101564/n-1613010909/n734101564/n-1613010909/n734101564/n-1613010909/n734101564/n-1613010909/n734101564/n-1613010909/n734101564/n-1613010909/n734101564/n-1613010909/n734101564/n-1613010909/n734101564/n-1613010909/n734101564/n-1613010909/n734101564/n-1613010909/n734101564/n-1613010909/n734101564/n-1613010909/n734101564/n-1613010909/n734101564/n-1613010909/n734101564/n-1613010909/n734101564/n-1613010909/n734101564/n-1613010909/n734101564/n-1613010909/n734101564/n-1613010909/n734101564/n-1613010909/n734101564/n-1613010909/n734101564/n-1613010909/n734101564/n-1613010909/n734101564/n-1613010909/n734101564/n-1613010909/n734101564/n-1613010909/n734101564/n-1613010909/n734101564/n-1613010909/n734101564/n-1613010909/n734101564/n-1613010909/n734101564/n-1613010909/n734101564/n-1613010909/n734101564/n-1613010909/n734101564/n-1613010909/n734101564/n-1613010909/n734101564/n-1613010909/n734101564/n-1613010909/n734101564/n-1613010909/n734101564/n-1613010909/n734101564/n-1613010909/n734101564/n-1613010909/n734101564/n-1613010909/n734101564/n-1613010909/n734101564/n-1613010909/n734101564/n-1613010909/n734101564/n-1613010909/n734101564/n-1613010909/n734101564/n-1613010909/n734101564/n-1613010909/n734101564/n-1613010909/n734101564/n-1613010909/n734101564/n-1613010909/n734101564/n442120410/n2045151975/n-1325442533/n1372783811/n1201961820/n700415647/n-565601123/n28047483/n1961803230/n-644320681/n194240287/n-1316688845/n1943415204/n814687147/n-194235132/n354528627/n-156090038/n422334676/n-155415567/n423533604/n-155403641/n423554803/n-155403430/n423555178/n-155403426/n423555185/n-155403426/n423555185/n-155403426/n423555185/n-155403426/n423555185/n-155403426/n423555185/n-155403426/n423555185/n-155403426/n423555185/n-155403426/n423555185/n-155403426/n423555185/n-155403426/n423555185/n-155403426/n423555185/n-155403426/n423555185/n-155403426/n423555185/n-155403426/n423555185/n-155403426/n423555185/n-155403426/n423555185/n-155403426/n423555185/n-155403426/n423555185/n-155403426/n423555185/n-155403426/n423555185/n-155403426/n423555185/n-155403426/n423555185/n-155403426/n423555185/n-155403426/n423555185/n-155403426/n423555185/n-155403426/n423555185/n-155403426/n423555185/n-155403426/n423555185/n-155403426/n423555185/n-155403426/n423555185/n-155403426/n423555185/n-155403426/n423555185/n-155403426/n423555185/n-155403426/n423555185/n-155403426/n423555185/n-155403426/n423555185/n-155403426/n423555185/n-155403426/n423555185/n-155403426/n423555185/n-155403426/n423555185/n-155403426/n423555185/n-155403426/n423555185/n-155403426/n423555185/n-155403426/n423555185/n-155403426/n423555185/n-155403426/n423555185/n-155403426/n423555185/n-155403426/n423555185/n-155403426/n423555185/n-155403426/n423555185/n-155403426/n423555185/n-155403426/n423555185/n-155403426/n423555185/n-155403426/n423555185/n-155403426/n423555185/n-155403426/n423555185/n-155403426/n423555185/n-155403426/n423555185/n-155403426/n423555185/n-155403426/n423555185/n-155403426/n423555185/n-155403426/n423555185/n-155403426/n423555185/n-155403426/n423555185/n-155403426/n423555185/n-155403426/n423555185/n-155403426/n423555185/n-155403426/n423555185/n-155403426/n423555185/n-155403426/n423555185/n-155403426/n423555185/n442120410/n2045151975/n-1325442533/n1372783811/n1201961820/n700415647/n-565601123/n28047483/n1961803230/n-644320681/n194240287/n-1316688845/n1943415204/n814687147/n-194235132/n354528627/n-156090038/n422334676/n-155415567/n423533604/n-155403641/n423554803/n-155403430/n423555178/n-155403426/n423555185/n-155403426/n423555185/n-155403426/n423555185/n-155403426/n423555185/n-155403426/n423555185/n-155403426/n423555185/n-155403426/n423555185/n-155403426/n423555185/n-155403426/n423555185/n-155403426/n423555185/n-155403426/n423555185/n-155403426/n423555185/n-155403426/n423555185/n-155403426/n423555185/n-155403426/n423555185/n-155403426/n423555185/n-155403426/n423555185/n-155403426/n423555185/n-155403426/n423555185/n-155403426/n423555185/n-155403426/n423555185/n-155403426/n423555185/n-155403426/n423555185/n-155403426/n423555185/n-155403426/n423555185/n-155403426/n423555185/n-155403426/n423555185/n-155403426/n423555185/n-155403426/n423555185/n-155403426/n423555185/n-155403426/n423555185/n-155403426/n423555185/n-155403426/n423555185/n-155403426/n423555185/n-155403426/n423555185/n-155403426/n423555185/n-155403426/n423555185/n-155403426/n423555185/n-155403426/n423555185/n-155403426/n423555185/n-155403426/n423555185/n-155403426/n423555185/n-155403426/n423555185/n-155403426/n423555185/n-155403426/n423555185/n-155403426/n423555185/n-155403426/n423555185/n-155403426/n423555185/n-155403426/n423555185/n-155403426/n423555185/n-155403426/n423555185/n-155403426/n423555185/n-155403426/n423555185/n-155403426/n423555185/n-155403426/n423555185/n-155403426/n423555185/n-155403426/n423555185/n-155403426/n423555185/n-155403426/n423555185/n-155403426/n423555185/n-155403426/n423555185/n-155403426/n423555185/n-155403426/n423555185/n-155403426/n423555185/n-155403426/n423555185/n-155403426/n423555185/n-155403426/n423555185/n-155403426/n423555185/n-155403426/n423555185/n-155403426/n423555185/n-155403426/n423555185/n-345445159/n2009552973/n1657039395/n2615271/n-635443347/n-2004322431/n-1756048767/n-1820419267/n-2147137195/n5451194/n-1622455184/n721217766/n-1613177899/n733873756/n-1613013861/n734097536/n-1613010961/n734101493/n-1613010910/n734101563/n-1613010909/n734101564/n-1613010909/n734101564/n-1613010909/n734101564/n-1613010909/n734101564/n-1613010909/n734101564/n-1613010909/n734101564/n-1613010909/n734101564/n-1613010909/n734101564/n-1613010909/n734101564/n-1613010909/n734101564/n-1613010909/n734101564/n-1613010909/n734101564/n-1613010909/n734101564/n-1613010909/n734101564/n-1613010909/n734101564/n-1613010909/n734101564/n-1613010909/n734101564/n-1613010909/n734101564/n-1613010909/n734101564/n-1613010909/n734101564/n-1613010909/n734101564/n-1613010909/n734101564/n-1613010909/n734101564/n-1613010909/n734101564/n-1613010909/n734101564/n-1613010909/n734101564/n-1613010909/n734101564/n-1613010909/n734101564/n-1613010909/n734101564/n-1613010909/n734101564/n-1613010909/n734101564/n-1613010909/n734101564/n-1613010909/n734101564/n-1613010909/n734101564/n-1613010909/n734101564/n-1613010909/n734101564/n-1613010909/n734101564/n-1613010909/n734101564/n-1613010909/n734101564/n-1613010909/n734101564/n-1613010909/n734101564/n-1613010909/n734101564/n-1613010909/n734101564/n-1613010909/n734101564/n-1613010909/n734101564/n-1613010909/n734101564/n-1613010909/n734101564/n-1613010909/n734101564/n-1613010909/n734101564/n-1613010909/n734101564/n-1613010909/n734101564/n-1613010909/n734101564/n-1613010909/n734101564/n-1613010909/n734101564/n-1613010909/n734101564/n-1613010909/n734101564/n-1613010909/n734101564/n-1613010909/n734101564/n-1613010909/n734101564/n-1613010909/n734101564/n-1613010909/n734101564/n-1613010909/n734101564/n-1613010909/n734101564/n-1613010909/n734101564/n-1613010909/n734101564/n-1613010909/n734101564/n-1613010909/n734101564/n-1613010909/n734101564/n-1613010909/n734101564/n-1613010909/n734101564/n-1613010909/n734101564/n-1613010909/n734101564/n-1613010909/n734101564/n