30.1 
30.1 
30.1 
30.1 
43.115247629572 
55.853604460299 
68.465301685303 
81.109640683598 
93.716439218851 
106.40253144768 
119.06102948252 
131.82341702013 
144.60155951505 
157.39249125779 
170.25917568475 
183.16294350413 
196.12517740845 
207.82274408811 
215.02031076777 
217.71787744743 
217.71787744743 
217.71787744743 
217.71787744743 
217.71787744743 
217.71787744743 
217.71787744743 
217.71787744743 
217.71787744743 
217.71787744743 
217.71787744743 
217.71787744743 
217.71787744743 
217.71787744743 
217.71787744743 
217.71787744743 
217.71787744743 
217.71787744743 
217.71787744743 
217.71787744743 
217.71787744743 
217.71787744743 
217.71787744743 
217.71787744743 
217.71787744743 
217.71787744743 
217.71787744743 
217.71787744743 
217.71787744743 
217.71787744743 
217.71787744743 
217.71787744743 
217.71787744743 
217.71787744743
217.71787744743 -1147253118/n886894891/n-1470409769/n971751997/n1242000960/n-201373400/n-1358244150/n-1277547864/n-2147137195/n15212021/n-1622455184/n721217766/n-1613177899/n733873756/n-1613013861/n734097536/n-1613010961/n734101493/n-1613010910/n734101563/n-1613010909/n734101564/n-1613010909/n734101564/n-1613010909/n734101564/n-1613010909/n734101564/n-1613010909/n734101564/n-1613010909/n734101564/n-1613010909/n734101564/n-1613010909/n734101564/n-1613010909/n734101564/n-1613010909/n734101564/n-1613010909/n734101564/n-1613010909/n734101564/n-1613010909/n734101564/n-1613010909/n734101564/n-1613010909/n734101564/n-1613010909/n734101564/n-1613010909/n734101564/n-1613010909/n734101564/n-1613010909/n734101564/n-1613010909/n734101564/n-1613010909/n734101564/n-1613010909/n734101564/n-1613010909/n734101564/n-1613010909/n734101564/n-1613010909/n734101564/n-1613010909/n734101564/n-1613010909/n734101564/n-1613010909/n734101564/n-1613010909/n734101564/n-1613010909/n734101564/n-1613010909/n734101564/n-1613010909/n734101564/n-1613010909/n734101564/n-1613010909/n734101564/n-1613010909/n734101564/n-1613010909/n734101564/n-1613010909/n734101564/n-1613010909/n734101564/n-1613010909/n734101564/n-1613010909/n734101564/n-1613010909/n-1147253118/n886894891/n-1470409769/n971751997/n1242000960/n-201373400/n-1358244150/n-1277547864/n-2147137195/n15212021/n-1622455184/n721217766/n-1613177899/n733873756/n-1613013861/n734097536/n-1613010961/n734101493/n-1613010910/n734101563/n-1613010909/n734101564/n-1613010909/n734101564/n-1613010909/n734101564/n-1613010909/n734101564/n-1613010909/n734101564/n-1613010909/n734101564/n-1613010909/n734101564/n-1613010909/n734101564/n-1613010909/n734101564/n-1613010909/n734101564/n-1613010909/n734101564/n-1613010909/n734101564/n-1613010909/n734101564/n-1613010909/n734101564/n-1613010909/n734101564/n-1613010909/n734101564/n-1613010909/n734101564/n-1613010909/n734101564/n-1613010909/n734101564/n-1613010909/n734101564/n-1613010909/n734101564/n-1613010909/n734101564/n-1613010909/n734101564/n-1613010909/n734101564/n-1613010909/n734101564/n-1613010909/n734101564/n-1613010909/n734101564/n-1613010909/n734101564/n-1613010909/n734101564/n-1613010909/n734101564/n-1613010909/n734101564/n-1613010909/n734101564/n-1613010909/n734101564/n-1613010909/n734101564/n-1613010909/n734101564/n-1613010909/n734101564/n-1613010909/n734101564/n-1613010909/n734101564/n-1613010909/n734101564/n-1613010909/n734101564/n-1613010909/n734101564/n-1613010909/n734101564/n-1613010909/n734101564/n-1613010909/n734101564/n-1613010909/n734101564/n-1613010909/n734101564/n-1613010909/n734101564/n-1613010909/n734101564/n-1613010909/n734101564/n-1613010909/n734101564/n-1613010909/n734101564/n-1147253118/n886894891/n-1470409769/n971751997/n1242000960/n-201373400/n-1358244150/n-1277547864/n-2147137195/n15212021/n-1622455184/n721217766/n-1613177899/n733873756/n-1613013861/n734097536/n-1613010961/n734101493/n-1613010910/n734101563/n-1613010909/n734101564/n-1613010909/n734101564/n-1613010909/n734101564/n-1613010909/n734101564/n-1613010909/n734101564/n-1613010909/n734101564/n-1613010909/n734101564/n-1613010909/n734101564/n-1613010909/n734101564/n-1613010909/n734101564/n-1613010909/n734101564/n-1613010909/n734101564/n-1613010909/n734101564/n-1613010909/n734101564/n-1613010909/n734101564/n-1613010909/n734101564/n-1613010909/n734101564/n-1613010909/n734101564/n-1613010909/n734101564/n-1613010909/n734101564/n-1613010909/n734101564/n-1613010909/n734101564/n-1613010909/n734101564/n-1613010909/n734101564/n-1613010909/n734101564/n-1613010909/n734101564/n-1613010909/n734101564/n-1613010909/n734101564/n-1613010909/n734101564/n-1613010909/n734101564/n-1613010909/n734101564/n-1613010909/n734101564/n-1613010909/n734101564/n-1613010909/n734101564/n-1613010909/n734101564/n-1613010909/n734101564/n-1613010909/n734101564/n-1613010909/n734101564/n-1613010909/n734101564/n-1613010909/n734101564/n-1613010909/n734101564/n-1613010909/n734101564/n-1613010909/n734101564/n-1613010909/n734101564/n-1613010909/n734101564/n-1613010909/n734101564/n-1613010909/n734101564/n-1613010909/n734101564/n-1613010909/n734101564/n-1613010909/n734101564/n-1613010909/n734101564/n-1613010909/n734101564/n-1613010909/n734101564/n-1613010909/n734101564/n-1613010909/n734101564/n-1613010909/n734101564/n-1613010909/n734101564/n-1613010909/n734101564/n-1613010909/n734101564/n-1613010909/n734101564/n-1613010909/n734101564/n-1613010909/n734101564/n-1613010909/n734101564/n-1613010909/n734101564/n-1613010909/n734101564/n-1613010909/n734101564/n-1613010909/n734101564/n-1613010909/n734101564/n-1613010909/n734101564/n-1613010909/n734101564/n-1613010909/n734101564/n-1613010909/n734101564/n-1613010909/n734101564/n-1613010909/n734101564/n-1613010909/n734101564/n-1613010909/n734101564/n-1613010909/n734101564/n-1613010909/n734101564/n-1613010909/n734101564/n-1613010909/n734101564/n-1613010909/n734101564/n-1613010909/n734101564/n-1613010909/n734101564/n-1613010909/n734101564/n-1613010909/n734101564/n-1613010909/n734101564/n-1613010909/n734101564/n-1613010909/n734101564/n-1613010909/n734101564/n-1613010909/n734101564/n-1613010909/n734101564/n-1613010909/n734101564/n-1613010909/n734101564/n-1613010909/n734101564/n-1613010909/n734101564/n-1613010909/n734101564/n-1613010909/n734101564/n-1613010909/n734101564/n-1613010909/n734101564/n-1613010909/n734101564/n-1613010909/n734101564/n-1613010909/n734101564/n-1613010909/n734101564/n-1613010909/n734101564/n-1613010909/n734101564/n-1613010909/n734101564/n-1613010909/n734101564/n-1613010909/n734101564/n-1613010909/n734101564/n-1613010909/n734101564/n-1613010909/n734101564/n-1613010909/n734101564/n-1613010909/n734101564/n-1613010909/n734101564/n-1613010909/n734101564/n-1613010909/n734101564/n-1613010909/n734101564/n-1613010909/n734101564/n-1613010909/n734101564/n-1613010909/n734101564/n-1613010909/n734101564/n-1613010909/n734101564/n-1613010909/n734101564/n-1613010909/n734101564/n-1613010909/n734101564/n-1613010909/n734101564/n-1613010909/n734101564/n-1613010909/n734101564/n-1613010909/n734101564/n-1613010909/n734101564/n-1613010909/n734101564/n-1613010909/n734101564/n-1613010909/n734101564/n-1613010909/n734101564/n-1613010909/n734101564/n-1613010909/n734101564/n-1613010909/n734101564/n-1613010909/n734101564/n-1613010909/n734101564/n-1613010909/n734101564/n-1613010909/n734101564/n-1613010909/n734101564/n-1613010909/n734101564/n-1613010909/n734101564/n-1613010909/n734101564/n-1613010909/n734101564/n-1613010909/n734101564/n-1613010909/n734101564/n-1613010909/n734101564/n-1613010909/n734101564/n-1613010909/n734101564/n-1613010909/n734101564/n-1613010909/n734101564/n-1613010909/n734101564/n-1613010909/n734101564/n-1613010909/n734101564/n-1613010909/n734101564/n-1613010909/n734101564/n-1613010909/n734101564/n-1613010909/n734101564/n-1613010909/n734101564/n-1613010909/n734101564/n-1613010909/n734101564/n-1613010909/n734101564/n-1613010909/n734101564/n-1613010909/n734101564/n-1613010909/n734101564/n-1613010909/n734101564/n-1613010909/n734101564/n-1613010909/n734101564/n-1613010909/n734101564/n-1613010909/n734101564/n-1613010909/n734101564/n-1613010909/n734101564/n-1613010909/n734101564/n-1613010909/n734101564/n-1613010909/n734101564/n-1613010909/n734101564/n-1613010909/n734101564/n-1613010909/n734101564/n-1613010909/n734101564/n-1613010909/n734101564/n-1613010909/n734101564/n-1613010909/n734101564/n-1613010909/n734101564/n-1613010909/n734101564/n-1613010909/n734101564/n-1613010909/n734101564/n-1613010909/n734101564/n-1613010909/n734101564/n-1613010909/n734101564/n-1613010909/n734101564/n-1613010909/n734101564/n-1613010909/n734101564/n-1613010909/n734101564/n-1613010909/n734101564/n-1613010909/n734101564/n-1613010909/n734101564/n-1613010909/n734101564/n-1613010909/n734101564/n-1613010909/n734101564/n-1613010909/n734101564/n-1613010909/n734101564/n-1613010909/n734101564/n-1613010909/n734101564/n-1613010909/n734101564/n-1613010909/n734101564/n-1613010909/n734101564/n-1613010909/n734101564/n-1613010909/n734101564/n-1613010909/n734101564/n-1613010909/n734101564/n-1613010909/n734101564/n-1613010909/n734101564/n-1613010909/n734101564/n-1613010909/n734101564/n-1613010909/n734101564/n-1613010909/n734101564/n-1613010909/n734101564/n-1613010909/n734101564/n-1613010909/n734101564/n-1613010909/n734101564/n-1613010909/n734101564/n-1613010909/n734101564/n-1613010909/n734101564/n-1613010909/n734101564/n-1613010909/n734101564/n-1613010909/n734101564/n-1613010909/n734101564/n-1613010909/n734101564/n-1613010909/n734101564/n-1613010909/n734101564/n-1613010909/n734101564/n-1613010909/n734101564/n-1613010909/n734101564/n-1613010909/n734101564/n-1613010909/n734101564/n-1613010909/n734101564/n-1613010909/n734101564/n-1613010909/n734101564/n-1613010909/n734101564/n-1613010909/n734101564/n-1613010909/n734101564/n-1613010909/n734101564/n-1613010909/n734101564/n-1613010909/n734101564/n-1613010909/n734101564/n-1613010909/n734101564/n-1613010909/n734101564/n-1613010909/n734101564/n-1613010909/n734101564/n-1613010909/n734101564/n-1613010909/n734101564/n-1613010909/n734101564/n-1613010909/n734101564/n-1613010909/n734101564/n-1613010909/n734101564/n-1613010909/n734101564/n-1613010909/n734101564/n-1613010909/n734101564/n-1613010909/n734101564/n-1613010909/n734101564/n-1613010909/n734101564/n-1613010909/n734101564/n-1613010909/n734101564/n-1613010909/n734101564/n-1613010909/n734101564/n-1613010909/n734101564/n-1613010909/n734101564/n-1613010909/n734101564/n-1613010909/n734101564/n-1613010909/n734101564/n-1613010909/n734101564/n-1147253118/n886894891/n-1470409769/n971751997/n1242000960/n-201373400/n-1358244150/n-1277547864/n-2147137195/n15212021/n-1622455184/n721217766/n-1613177899/n733873756/n-1613013861/n734097536/n-1613010961/n734101493/n-1613010910/n734101563/n-1613010909/n734101564/n-1613010909/n734101564/n-1613010909/n734101564/n-1613010909/n734101564/n-1613010909/n734101564/n-1613010909/n734101564/n-1613010909/n734101564/n-1613010909/n734101564/n-1613010909/n734101564/n-1613010909/n734101564/n-1613010909/n734101564/n-1613010909/n734101564/n-1613010909/n734101564/n-1613010909/n734101564/n-1613010909/n734101564/n-1613010909/n734101564/n-1613010909/n734101564/n-1613010909/n734101564/n-1613010909/n734101564/n-1613010909/n734101564/n-1613010909/n734101564/n-1613010909/n734101564/n-1613010909/n734101564/n-1613010909/n734101564/n-1613010909/n734101564/n-1613010909/n734101564/n-1613010909/n734101564/n-1613010909/n734101564/n-1613010909/n734101564/n-1613010909/n734101564/n-1613010909/n734101564/n-1613010909/n734101564/n-1613010909/n734101564/n-1613010909/n734101564/n-1613010909/n734101564/n-1613010909/n734101564/n-1613010909/n734101564/n-1613010909/n734101564/n-1613010909/n734101564/n-1613010909/n734101564/n-1613010909/n734101564/n-1613010909/n734101564/n-1613010909/n734101564/n-1613010909/n734101564/n-1613010909/n734101564/n-1613010909/n734101564/n-1613010909/n734101564/n-1613010909/n734101564/n-1613010909/n734101564/n-1613010909/n734101564/n-1613010909/n734101564/n-1613010909/n734101564/n-1613010909/n734101564/n-1613010909/n734101564/n-1613010909/n734101564/n-1613010909/n734101564/n-1613010909/n734101564/n-1613010909/n734101564/n-1613010909/n734101564/n-1613010909/n734101564/n-1613010909/n734101564/n-1613010909/n734101564/n-1613010909/n734101564/n-1613010909/n734101564/n-1613010909/n734101564/n-1613010909/n734101564/n-1613010909/n734101564/n-1613010909/n734101564/n-1613010909/n734101564/n-1613010909/n734101564/n-1613010909/n734101564/n-1613010909/n734101564/n-1613010909/n734101564/n-1613010909/n734101564/n-1613010909/n734101564/n-1613010909/n734101564/n-1613010909/n734101564/n-1613010909/n734101564/n-1613010909/n734101564/n-1613010909/n734101564/n-1613010909/n734101564/n-1613010909/n734101564/n-1613010909/n734101564/n-1613010909/n734101564/n-1613010909/n734101564/n-1613010909/n734101564/n-1613010909/n734101564/n-1613010909/n734101564/n-1613010909/n734101564/n-1613010909/n734101564/n-1613010909/n734101564/n-1613010909/n734101564/n-1613010909/n734101564/n-1613010909/n734101564/n-1613010909/n734101564/n-1613010909/n734101564/n-1613010909/n734101564/n-1613010909/n734101564/n-1613010909/n734101564/n-1613010909/n734101564/n-1613010909/n734101564/n-1613010909/n734101564/n-1613010909/n734101564/n-1613010909/n734101564/n-1613010909/n734101564/n-1613010909/n734101564/n-1613010909/n734101564/n-1613010909/n734101564/n-1613010909/n734101564/n-1613010909/n734101564/n-1613010909/n734101564/n-1613010909/n734101564/n-1613010909/n734101564/n-1613010909/n734101564/n-1613010909/n734101564/n-1613010909/n734101564/n-1613010909/n734101564/n-1613010909/n734101564/n-1613010909/n734101564/n-1613010909/n734101564/n-1613010909/n734101564/n-1613010909/n734101564/n-1613010909/n734101564/n-1613010909/n734101564/n-1613010909/n734101564/n-1613010909/n734101564/n-1613010909/n734101564/n-1613010909/n734101564/n-1613010909/n734101564/n-1613010909/n734101564/n-1613010909/n734101564/n-1613010909/n734101564/n-1613010909/n734101564/n-1613010909/n734101564/n-1613010909/n734101564/n-1613010909/n734101564/n-1613010909/n734101564/n-1613010909/n734101564/n-1613010909/n734101564/n-1613010909/n734101564/n-1613010909/n734101564/n-1613010909/n734101564/n-1613010909/n734101564/n-1613010909/n734101564/n-1613010909/n734101564/n-1613010909/n734101564/n-1613010909/n734101564/n-1613010909/n734101564/n-1613010909/n734101564/n-1613010909/n734101564/n-1613010909/n734101564/n-1613010909/n734101564/n-1613010909/n734101564/n-1613010909/n734101564/n-1613010909/n734101564/n-1613010909/n734101564/n-1613010909/n734101564/n-1613010909/n734101564/n-1613010909/n734101564/n-1613010909/n734101564/n-1613010909/n734101564/n-1613010909/n734101564/n-1613010909/n734101564/n-1613010909/n734101564/n-1613010909/n734101564/n-1613010909/n734101564/n-1613010909/n734101564/n-1613010909/n734101564/n-1613010909/n734101564/n-1613010909/n734101564/n-1613010909/n734101564/n-1613010909/n734101564/n-1613010909/n734101564/n-1613010909/n734101564/n-1613010909/n734101564/n-1613010909/n734101564/n-1613010909/n734101564/n-1613010909/n734101564/n-1613010909/n734101564/n-1613010909/n734101564/n-1613010909/n734101564/n-1613010909/n734101564/n-1613010909/n734101564/n-1613010909/n734101564/n-1613010909/n734101564/n-1613010909/n734101564/n-1613010909/n734101564/n-1613010909/n734101564/n-1613010909/n734101564/n-1613010909/n734101564/n-1613010909/n734101564/n-1613010909/n734101564/n-1613010909/n734101564/n-1613010909/n734101564/n-1613010909/n734101564/n-1613010909/n734101564/n-1613010909/n734101564/n-1613010909/n734101564/n-1613010909/n734101564/n-1613010909/n734101564/n-1613010909/n734101564/n-1613010909/n734101564/n-1613010909/n734101564/n-1613010909/n734101564/n-1613010909/n734101564/n-1613010909/n734101564/n-1613010909/n734101564/n-1613010909/n734101564/n-1613010909/n734101564/n-1613010909/n734101564/n-1613010909/n734101564/n-1613010909/n734101564/n-1613010909/n734101564/n-1613010909/n734101564/n-1613010909/n734101564/n-1613010909/n734101564/n-1613010909/n734101564/n-1613010909/n734101564/n-1613010909/n734101564/n-1613010909/n734101564/n-1613010909/n734101564/n-1613010909/n734101564/n-1613010909/n734101564/n-1613010909/n734101564/n-1613010909/n734101564/n-1613010909/n734101564/n-1613010909/n734101564/n-1613010909/n734101564/n-1613010909/n734101564/n-1613010909/n734101564/n-1613010909/n734101564/n-1613010909/n734101564/n-1613010909/n734101564/n-1613010909/n734101564/n-1613010909/n734101564/n-1613010909/n734101564/n-1613010909/n734101564/n-1613010909/n734101564/n-1613010909/n734101564/n-1613010909/n734101564/n-1613010909/n734101564/n-1613010909/n734101564/n-1613010909/n734101564/n-1613010909/n734101564/n-1613010909/n734101564/n-1613010909/n734101564/n-1613010909/n734101564/n-1613010909/n734101564/n-1613010909/n734101564/n-1613010909/n734101564/n-1613010909/n734101564/n-1613010909/n734101564/n-1613010909/n734101564/n-1613010909/n734101564/n-1613010909/n734101564/n-1613010909/n734101564/n-1613010909/n734101564/n-1613010909/n734101564/n-1613010909/n734101564/n-1613010909/n734101564/n-1613010909/n734101564/n-1613010909/n734101564/n-1613010909/n734101564/n-1613010909/n734101564/n-1613010909/n734101564/n-1613010909/n734101564/n-1613010909/n734101564/n-1613010909/n734101564/n-1613010909/n734101564/n-1613010909/n734101564/n-1613010909/n734101564/n-1613010909/n734101564/n-1613010909/n734101564/n-1147253118/n886894891/n-1470409769/n971751997/n1242000960/n-201373400/n47070443/n2129448070/n-1192189289/n-727823817/n-1124833330/n-635937412/n-1124232534/n-635117811/n-1124227175/n-635110500/n-1124227127/n-635110435/n-1124227127/n-635110434/n-1124227127/n-635110434/n-1124227127/n-635110434/n-1124227127/n-635110434/n-1124227127/n-635110434/n-1124227127/n-635110434/n-1124227127/n-635110434/n-1124227127/n-635110434/n-1124227127/n-635110434/n-1124227127/n-635110434/n-1124227127/n-635110434/n-1124227127/n-635110434/n-1124227127/n-635110434/n-1124227127/n-635110434/n-1124227127/n-635110434/n-1124227127/n-635110434/n-1124227127/n-635110434/n-1124227127/n-635110434/n-1124227127/n-635110434/n-1124227127/n-635110434/n-1124227127/n-635110434/n-1124227127/n-635110434/n-1124227127/n-635110434/n-1124227127/n-635110434/n-1124227127/n-635110434/n-1124227127/n-635110434/n-1124227127/n-635110434/n-1124227127/n-635110434/n-1124227127/n-635110434/n-1124227127/n-635110434/n-1124227127/n-635110434/n-1124227127/n-635110434/n-1124227127/n-635110434/n-1124227127/n-635110434/n-1124227127/n-635110434/n-1124227127/n-635110434/n-1124227127/n-635110434/n-1124227127/n-635110434/n-1124227127/n-635110434/n-1124227127/n-635110434/n-1124227127/n-635110434/n-1124227127/n-635110434/n-1124227127/n-635110434/n-1124227127/n-635110434/n-1124227127/n-635110434/n-1124227127/n-635110434/n-1124227127/n-635110434/n-1124227127/n-635110434/n-1124227127/n-635110434/n-1124227127/n-635110434/n-1124227127/n-635110434/n-1124227127/n-635110434/n-1124227127/n-635110434/n-1124227127/n-635110434/n-1124227127/n-635110434/n-1124227127/n-635110434/n-1124227127/n-635110434/n-1124227127/n-635110434/n-1124227127/n-635110434/n-1124227127/n-635110434/n-1124227127/n-635110434/n-1124227127/n-635110434/n-1124227127/n-635110434/n-1124227127/n-635110434/n-1124227127/n-635110434/n-1124227127/n-635110434/n-1124227127/n-635110434/n-1124227127/n-635110434/n-1124227127/n-635110434/n-1124227127/n-635110434/n-1124227127/n-635110434/n-1124227127/n-635110434/n-1124227127/n-635110434/n-1124227127/n-635110434/n-1124227127/n-635110434/n-1124227127/n-635110434/n-1124227127/n-635110434/n-1124227127/n-635110434/n-1124227127/n-635110434/n-1124227127/n-635110434/n-1124227127/n-635110434/n-1124227127/n-635110434/n-1124227127/n-635110434/n-1124227127/n-635110434/n-1124227127/n-635110434/n-1124227127/n-635110434/n-1124227127/n-635110434/n-1124227127/n-635110434/n-1124227127/n-635110434/n-1124227127/n-635110434/n-1124227127/n-635110434/n-1124227127/n-635110434/n-1124227127/n-635110434/n-1124227127/n-635110434/n-1124227127/n-635110434/n-1124227127/n-635110434/n-1124227127/n-635110434/n-1124227127/n-635110434/n-1124227127/n-635110434/n-1124227127/n-635110434/n-1124227127/n-635110434/n-1124227127/n-635110434/n-1124227127/n-635110434/n-1124227127/n-635110434/n-1124227127/n-635110434/n-1124227127/n-635110434/n-1124227127/n-635110434/n-1124227127/n-635110434/n-1124227127/n-635110434/n-1124227127/n-635110434/n-1124227127/n-635110434/n-1124227127/n-635110434/n-1124227127/n-635110434/n-1124227127/n-635110434/n-1124227127/n-635110434/n-1124227127/n-635110434/n-1124227127/n-635110434/n-1124227127/n-635110434/n-1124227127/n-635110434/n-1124227127/n-635110434/n-1124227127/n-635110434/n-1124227127/n-635110434/n-1124227127/n-635110434/n-1124227127/n-635110434/n-1124227127/n-635110434/n-1124227127/n-635110434/n-1124227127/n-635110434/n-1124227127/n-635110434/n-1124227127/n-635110434/n-1124227127/n-635110434/n-1124227127/n-635110434/n-1124227127/n-635110434/n-1124227127/n-635110434/n-1124227127/n-635110434/n-1124227127/n-635110434/n-1124227127/n-635110434/n-1124227127/n-635110434/n-1124227127/n-635110434/n-1124227127/n-635110434/n-1124227127/n-635110434/n-1124227127/n-635110434/n-1124227127/n-635110434/n-1124227127/n-635110434/n-1124227127/n-635110434/n-1124227127/n-635110434/n-1124227127/n-635110434/n-1124227127/n-635110434/n-1124227127/n-635110434/n-1124227127/n-635110434/n-1124227127/n-635110434/n-1124227127/n-635110434/n-1124227127/n-635110434/n-1124227127/n-635110434/n-1124227127/n-635110434/n-1124227127/n-635110434/n-1124227127/n-635110434/n-1124227127/n-635110434/n-1124227127/n-635110434/n-1124227127/n-635110434/n-1124227127/n-635110434/n-1124227127/n-635110434/n-1124227127/n-635110434/n-1124227127/n-635110434/n-1124227127/n-635110434/n-1124227127/n-635110434/n-1124227127/n-635110434/n-1124227127/n-635110434/n-1124227127/n-635110434/n-1124227127/n-635110434/n-1124227127/n-635110434/n-1124227127/n-635110434/n-1124227127/n-635110434/n-1124227127/n-635110434/n-1124227127/n-635110434/n-1124227127/n-635110434/n-1124227127/n-635110434/n-1124227127/n-635110434/n-1124227127/n-635110434/n-1124227127/n-635110434/n-1124227127/n-635110434/n-1124227127/n-635110434/n-1124227127/n-635110434/n-1124227127/n-635110434/n-1124227127/n-635110434/n-1124227127/n-635110434/n-1124227127/n-635110434/n-1124227127/n-635110434/n-1124227127/n-635110434/n-1124227127/n-635110434/n-1124227127/n-635110434/n-1124227127/n-635110434/n-1124227127/n-635110434/n-1124227127/n-635110434/n-1124227127/n-635110434/n-1124227127/n-635110434/n-1124227127/n-635110434/n-1124227127/n-635110434/n-1124227127/n-635110434/n-1124227127/n-635110434/n-1124227127/n-635110434/n-1124227127/n-635110434/n-1124227127/n-635110434/n-1124227127/n-635110434/n-1124227127/n-635110434/n-1124227127/n-635110434/n-1124227127/n-635110434/n-1124227127/n-635110434/n-1124227127/n-635110434/n-1124227127/n-635110434/n-1124227127/n-635110434/n-1124227127/n-635110434/n-1124227127/n-635110434/n-1124227127/n-635110434/n-1124227127/n-635110434/n-1124227127/n-635110434/n-1124227127/n-635110434/n-1124227127/n-635110434/n-1124227127/n-635110434/n-1124227127/n-635110434/n-1124227127/n-635110434/n-1124227127/n-635110434/n-1124227127/n-635110434/n-1124227127/n-635110434/n-1124227127/n-635110434/n-1124227127/n-635110434/n-1124227127/n-635110434/n-1124227127/n-635110434/n-1124227127/n-635110434/n-1124227127/n-635110434/n-1124227127/n-635110434/n-1124227127/n-635110434/n-1124227127/n-635110434/n-1124227127/n-635110434/n-1124227127/n-635110434/n-1124227127/n-635110434/n-1124227127/n-635110434/n-1124227127/n-635110434/n-1124227127/n-635110434/n-1124227127/n-635110434/n-1124227127/n-635110434/n-1124227127/n-635110434/n-1124227127/n-635110434/n-1124227127/n-635110434/n-1124227127/n-635110434/n-1124227127/n-1147253118/n886894891/n-1470409769/n971751997/n1242000960/n-201373400/n47070443/n2129448070/n-1192189289/n-727823817/n-1124833330/n-635937412/n-1124232534/n-635117811/n-1124227175/n-635110500/n-1124227127/n-635110435/n-1124227127/n-635110434/n-1124227127/n-635110434/n-1124227127/n-635110434/n-1124227127/n-635110434/n-1124227127/n-635110434/n-1124227127/n-635110434/n-1124227127/n-635110434/n-1124227127/n-635110434/n-1124227127/n-635110434/n-1124227127/n-635110434/n-1124227127/n-635110434/n-1124227127/n-635110434/n-1124227127/n-635110434/n-1124227127/n-635110434/n-1124227127/n-635110434/n-1124227127/n-635110434/n-1124227127/n-635110434/n-1124227127/n-635110434/n-1124227127/n-635110434/n-1124227127/n-635110434/n-1124227127/n-635110434/n-1124227127/n-635110434/n-1124227127/n-635110434/n-1124227127/n-635110434/n-1124227127/n-635110434/n-1124227127/n-635110434/n-1124227127/n-635110434/n-1124227127/n-635110434/n-1124227127/n-635110434/n-1124227127/n-635110434/n-1124227127/n-635110434/n-1124227127/n-635110434/n-1124227127/n-635110434/n-1124227127/n-635110434/n-1124227127/n-635110434/n-1124227127/n-635110434/n-1124227127/n-635110434/n-1124227127/n-635110434/n-1124227127/n-635110434/n-1124227127/n-635110434/n-1124227127/n-635110434/n-1124227127/n-635110434/n-1124227127/n-635110434/n-1124227127/n-635110434/n-1124227127/n-635110434/n-1124227127/n-635110434/n-1124227127/n-635110434/n-1124227127/n-635110434/n-1124227127/n-635110434/n-1124227127/n-635110434/n-1124227127/n-635110434/n-1124227127/n-635110434/n-1124227127/n-635110434/n-1124227127/n-635110434/n-1124227127/n-635110434/n-1124227127/n-635110434/n-1124227127/n-635110434/n-1124227127/n-635110434/n-1124227127/n-635110434/n-1124227127/n-635110434/n-1124227127/n-635110434/n-1124227127/n-635110434/n-1124227127/n-635110434/n-1124227127/n-635110434/n-1124227127/n-635110434/n-1124227127/n-635110434/n-1124227127/n-635110434/n-1124227127/n-635110434/n-1124227127/n-635110434/n-1124227127/n-635110434/n-1124227127/n-635110434/n-1124227127/n-635110434/n-1124227127/n-635110434/n-1124227127/n-635110434/n-1147253118/n886894891/n-1470409769/n971751997/n1242000960/n-201373400/n47070443/n2129448070/n-1192189289/n-727823817/n-1124833330/n-635937412/n-1124232534/n-635117811/n-1124227175/n-635110500/n-1124227127/n-635110435/n-1124227127/n-635110434/n-1124227127/n-635110434/n-1124227127/n-635110434/n-1124227127/n-635110434/n-1124227127/n-635110434/n-1124227127/n-635110434/n-1124227127/n-635110434/n-1124227127/n-635110434/n-1124227127/n-635110434/n-1124227127/n-635110434/n-1124227127/n-635110434/n-1124227127/n-635110434/n-1124227127/n-635110434/n-1124227127/n-635110434/n-1124227127/n-635110434/n-1124227127/n-635110434/n-1124227127/n-635110434/n-1124227127/n-635110434/n-1124227127/n-635110434/n-1124227127/n-635110434/n-1124227127/n-635110434/n-1124227127/n-635110434/n-1124227127/n-635110434/n-1124227127/n-635110434/n-1124227127/n-635110434/n-1124227127/n-635110434/n-1124227127/n-635110434/n-1124227127/n-635110434/n-1124227127/n-635110434/n-1124227127/n-635110434/n-1124227127/n-635110434/n-1124227127/n-635110434/n-1124227127/n-635110434/n-1124227127/n-635110434/n-1124227127/n-635110434/n-1124227127/n-635110434/n-1124227127/n-635110434/n-1124227127/n-635110434/n-1124227127/n-635110434/n-1124227127/n-635110434/n-1124227127/n-635110434/n-1124227127/n-635110434/n-1124227127/n-635110434/n-1124227127/n-635110434/n-1124227127/n-635110434/n-1124227127/n-635110434/n-1124227127/n-635110434/n-1124227127/n-635110434/n-1124227127/n-635110434/n-1124227127/n-635110434/n-1124227127/n-635110434/n-1124227127/n-635110434/n-1124227127/n-635110434/n-1124227127/n-635110434/n-1124227127/n-635110434/n-1124227127/n-635110434/n-1124227127/n-635110434/n-1124227127/n-635110434/n-1124227127/n-635110434/n-1124227127/n-635110434/n-1124227127/n-635110434/n-1124227127/n-635110434/n-1124227127/n-635110434/n-1124227127/n-635110434/n-1124227127/n-635110434/n-1124227127/n-635110434/n-1124227127/n-635110434/n-1124227127/n-635110434/n-1124227127/n-635110434/n-1124227127/n-635110434/n-1124227127/n-635110434/n-1124227127/n-635110434/n-1124227127/n-635110434/n-1124227127/n-635110434/n-1147253118/n886894891/n-1470409769/n971751997/n1242000960/n-201373400/n47070443/n2129448070/n-1192189289/n-727823817/n-1124833330/n-635937412/n-1124232534/n-635117811/n-1124227175/n-635110500/n-1124227127/n-635110435/n-1124227127/n-635110434/n-1124227127/n-635110434/n-1124227127/n-635110434/n-1124227127/n-635110434/n-1124227127/n-635110434/n-1124227127/n-635110434/n-1124227127/n-635110434/n-1124227127/n-635110434/n-1124227127/n-635110434/n-1124227127/n-635110434/n-1124227127/n-635110434/n-1124227127/n-635110434/n-1124227127/n-635110434/n-1124227127/n-635110434/n-1124227127/n-635110434/n-1124227127/n-635110434/n-1124227127/n-635110434/n-1124227127/n-635110434/n-1124227127/n-635110434/n-1124227127/n-635110434/n-1124227127/n-635110434/n-1124227127/n-635110434/n-1124227127/n-635110434/n-1124227127/n-635110434/n-1124227127/n-635110434/n-1124227127/n-635110434/n-1124227127/n-635110434/n-1124227127/n-635110434/n-1124227127/n-635110434/n-1124227127/n-635110434/n-1124227127/n-635110434/n-1124227127/n-635110434/n-1124227127/n-635110434/n-1124227127/n-635110434/n-1124227127/n-635110434/n-1124227127/n-635110434/n-1124227127/n-635110434/n-1124227127/n-635110434/n-1124227127/n-635110434/n-1124227127/n-635110434/n-1124227127/n-635110434/n-1124227127/n-635110434/n-1124227127/n-635110434/n-1124227127/n-635110434/n-1124227127/n-635110434/n-1124227127/n-635110434/n-1124227127/n-635110434/n-1124227127/n-635110434/n-1124227127/n-635110434/n-1124227127/n-635110434/n-1124227127/n-635110434/n-1124227127/n-635110434/n-1124227127/n-635110434/n-1124227127/n-635110434/n-1124227127/n-635110434/n-1124227127/n-635110434/n-1124227127/n-635110434/n-1124227127/n-635110434/n-1124227127/n-635110434/n-1124227127/n-635110434/n-1124227127/n-635110434/n-1124227127/n-635110434/n-1124227127/n-635110434/n-1124227127/n-635110434/n-1124227127/n-635110434/n-1124227127/n-635110434/n-1124227127/n-635110434/n-1124227127/n-635110434/n-1124227127/n-635110434/n-1124227127/n-635110434/n-1124227127/n-635110434/n-1124227127/n-635110434/n-1124227127/n-635110434/n-1124227127/n-635110434/n-1147253118/n886894891/n-1470409769/n971751997/n1242000960/n-201373400/n47070443/n2129448070/n-1192189289/n-727823817/n-1124833330/n-635937412/n-1124232534/n-635117811/n-1124227175/n-635110500/n-1124227127/n-635110435/n-1124227127/n-635110434/n-1124227127/n-635110434/n-1124227127/n-635110434/n-1124227127/n-635110434/n-1124227127/n-635110434/n-1124227127/n-635110434/n-1124227127/n-635110434/n-1124227127/n-635110434/n-1124227127/n-635110434/n-1124227127/n-635110434/n-1124227127/n-635110434/n-1124227127/n-635110434/n-1124227127/n-635110434/n-1124227127/n-635110434/n-1124227127/n-635110434/n-1124227127/n-635110434/n-1124227127/n-635110434/n-1124227127/n-635110434/n-1124227127/n-635110434/n-1124227127/n-635110434/n-1124227127/n-635110434/n-1124227127/n-635110434/n-1124227127/n-635110434/n-1124227127/n-635110434/n-1124227127/n-635110434/n-1124227127/n-635110434/n-1124227127/n-635110434/n-1124227127/n-635110434/n-1124227127/n-635110434/n-1124227127/n-635110434/n-1124227127/n-635110434/n-1124227127/n-635110434/n-1124227127/n-635110434/n-1124227127/n-635110434/n-1124227127/n-635110434/n-1124227127/n-635110434/n-1124227127/n-635110434/n-1124227127/n-635110434/n-1124227127/n-635110434/n-1124227127/n-635110434/n-1124227127/n-635110434/n-1124227127/n-635110434/n-1124227127/n-635110434/n-1124227127/n-635110434/n-1124227127/n-635110434/n-1124227127/n-635110434/n-1124227127/n-635110434/n-1124227127/n-635110434/n-1124227127/n-635110434/n-1124227127/n-635110434/n-1124227127/n-635110434/n-1124227127/n-635110434/n-1124227127/n-635110434/n-1124227127/n-635110434/n-1124227127/n-635110434/n-1124227127/n-635110434/n-1124227127/n-635110434/n-1124227127/n-635110434/n-1124227127/n-635110434/n-1124227127/n-635110434/n-1124227127/n-635110434/n-1124227127/n-635110434/n-1124227127/n-635110434/n-1124227127/n-635110434/n-1124227127/n-635110434/n-1124227127/n-635110434/n-1124227127/n-635110434/n-1124227127/n-635110434/n-1124227127/n-635110434/n-1124227127/n-635110434/n-1124227127/n-635110434/n-1124227127/n-635110434/n-1124227127/n-635110434/n-1124227127/n-635110434/n-1147253118/n886894891/n-1470409769/n971751997/n1242000960/n-201373400/n47070443/n2129448070/n-1192189289/n-727823817/n-1124833330/n-635937412/n-1124232534/n-635117811/n-1124227175/n-635110500/n-1124227127/n-635110435/n-1124227127/n-635110434/n-1124227127/n-635110434/n-1124227127/n-635110434/n-1124227127/n-635110434/n-1124227127/n-635110434/n-1124227127/n-635110434/n-1124227127/n-635110434/n-1124227127/n-635110434/n-1124227127/n-635110434/n-1124227127/n-635110434/n-1124227127/n-635110434/n-1124227127/n-635110434/n-1124227127/n-635110434/n-1124227127/n-635110434/n-1124227127/n-635110434/n-1124227127/n-635110434/n-1124227127/n-635110434/n-1124227127/n-635110434/n-1124227127/n-635110434/n-1124227127/n-635110434/n-1124227127/n-635110434/n-1124227127/n-635110434/n-1124227127/n-635110434/n-1124227127/n-635110434/n-1124227127/n-635110434/n-1124227127/n-635110434/n-1124227127/n-635110434/n-1124227127/n-635110434/n-1124227127/n-635110434/n-1124227127/n-635110434/n-1124227127/n-635110434/n-1124227127/n-635110434/n-1124227127/n-635110434/n-1124227127/n-635110434/n-1124227127/n-635110434/n-1124227127/n-635110434/n-1124227127/n-635110434/n-1124227127/n-635110434/n-1124227127/n-635110434/n-1124227127/n-635110434/n-1124227127/n-635110434/n-1124227127/n-635110434/n-1124227127/n-635110434/n-1124227127/n-635110434/n-1124227127/n-635110434/n-1124227127/n-635110434/n-1124227127/n-635110434/n-1124227127/n-635110434/n-1124227127/n-635110434/n-1124227127/n-635110434/n-1124227127/n-635110434/n-1124227127/n-635110434/n-1124227127/n-635110434/n-1124227127/n-635110434/n-1124227127/n-635110434/n-1124227127/n-635110434/n-1124227127/n-635110434/n-1124227127/n-635110434/n-1124227127/n-635110434/n-1124227127/n-635110434/n-1124227127/n-635110434/n-1124227127/n-635110434/n-1124227127/n-635110434/n-1124227127/n-635110434/n-1124227127/n-635110434/n-1124227127/n-635110434/n-1124227127/n-635110434/n-1124227127/n-635110434/n-1124227127/n-635110434/n-1124227127/n-635110434/n-1124227127/n-635110434/n-1124227127/n-635110434/n-1124227127/n-635110434/n-1124227127/n-635110434/n-1147253118/n886894891/n-1470409769/n971751997/n1242000960/n-201373400/n47070443/n2129448070/n-1192189289/n-727823817/n-1124833330/n-635937412/n-1124232534/n-635117811/n-1124227175/n-635110500/n-1124227127/n-635110435/n-1124227127/n-635110434/n-1124227127/n-635110434/n-1124227127/n-635110434/n-1124227127/n-635110434/n-1124227127/n-635110434/n-1124227127/n-635110434/n-1124227127/n-635110434/n-1124227127/n-635110434/n-1124227127/n-635110434/n-1124227127/n-635110434/n-1124227127/n-635110434/n-1124227127/n-635110434/n-1124227127/n-635110434/n-1124227127/n-635110434/n-1124227127/n-635110434/n-1124227127/n-635110434/n-1124227127/n-635110434/n-1124227127/n-635110434/n-1124227127/n-635110434/n-1124227127/n-635110434/n-1124227127/n-635110434/n-1124227127/n-635110434/n-1124227127/n-635110434/n-1124227127/n-635110434/n-1124227127/n-635110434/n-1124227127/n-635110434/n-1124227127/n-635110434/n-1124227127/n-635110434/n-1124227127/n-635110434/n-1124227127/n-635110434/n-1124227127/n-635110434/n-1124227127/n-635110434/n-1124227127/n-635110434/n-1124227127/n-635110434/n-1124227127/n-635110434/n-1124227127/n-635110434/n-1124227127/n-635110434/n-1124227127/n-635110434/n-1124227127/n-635110434/n-1124227127/n-635110434/n-1124227127/n-635110434/n-1124227127/n-635110434/n-1124227127/n-635110434/n-1124227127/n-635110434/n-1124227127/n-635110434/n-1124227127/n-635110434/n-1124227127/n-635110434/n-1124227127/n-635110434/n-1124227127/n-635110434/n-1124227127/n-635110434/n-1124227127/n-635110434/n-1124227127/n-635110434/n-1124227127/n-635110434/n-1124227127/n-635110434/n-1124227127/n-635110434/n-1124227127/n-635110434/n-1124227127/n-635110434/n-1124227127/n-635110434/n-1124227127/n-635110434/n-1124227127/n-635110434/n-1124227127/n-635110434/n-1124227127/n-635110434/n-1124227127/n-635110434/n-1124227127/n-635110434/n-1124227127/n-635110434/n-1124227127/n-635110434/n-1124227127/n-635110434/n-1124227127/n-635110434/n-1124227127/n-635110434/n-1124227127/n-635110434/n-1124227127/n-635110434/n-1124227127/n-635110434/n-1124227127/n-635110434/n-1124227127/n-635110434/n-1147253118/n886894891/n-1470409769/n971751997/n1242000960/n-201373400/n47070443/n2129448070/n-1192189289/n-727823817/n-1124833330/n-635937412/n-1124232534/n-635117811/n-1124227175/n-635110500/n-1124227127/n-635110435/n-1124227127/n-635110434/n-1124227127/n-635110434/n-1124227127/n-635110434/n-1124227127/n-635110434/n-1124227127/n-635110434/n-1124227127/n-635110434/n-1124227127/n-635110434/n-1124227127/n-635110434/n-1124227127/n-635110434/n-1124227127/n-635110434/n-1124227127/n-635110434/n-1124227127/n-635110434/n-1124227127/n-635110434/n-1124227127/n-635110434/n-1124227127/n-635110434/n-1124227127/n-635110434/n-1124227127/n-635110434/n-1124227127/n-635110434/n-1124227127/n-635110434/n-1124227127/n-635110434/n-1124227127/n-635110434/n-1124227127/n-635110434/n-1124227127/n-635110434/n-1124227127/n-635110434/n-1124227127/n-635110434/n-1124227127/n-635110434/n-1124227127/n-635110434/n-1124227127/n-635110434/n-1124227127/n-635110434/n-1124227127/n-635110434/n-1124227127/n-635110434/n-1124227127/n-635110434/n-1124227127/n-635110434/n-1124227127/n-635110434/n-1124227127/n-635110434/n-1124227127/n-635110434/n-1124227127/n-635110434/n-1124227127/n-635110434/n-1124227127/n-635110434/n-1124227127/n-635110434/n-1124227127/n-635110434/n-1124227127/n-635110434/n-1124227127/n-635110434/n-1124227127/n-635110434/n-1124227127/n-635110434/n-1124227127/n-635110434/n-1124227127/n-635110434/n-1124227127/n-635110434/n-1124227127/n-635110434/n-1124227127/n-635110434/n-1124227127/n-635110434/n-1124227127/n-635110434/n-1124227127/n-635110434/n-1124227127/n-635110434/n-1124227127/n-635110434/n-1124227127/n-635110434/n-1124227127/n-635110434/n-1124227127/n-635110434/n-1124227127/n-635110434/n-1124227127/n-635110434/n-1124227127/n-635110434/n-1124227127/n-635110434/n-1124227127/n-635110434/n-1124227127/n-635110434/n-1124227127/n-635110434/n-1124227127/n-635110434/n-1124227127/n-635110434/n-1124227127/n-635110434/n-1124227127/n-635110434/n-1124227127/n-635110434/n-1124227127/n-635110434/n-1124227127/n-635110434/n-1124227127/n-635110434/n-1124227127/n-635110434/n-1147253118/n886894891/n-1470409769/n971751997/n1242000960/n-201373400/n-1358244150/n-1277547864/n-2147137195/n15212021/n-1622455184/n721217766/n-1613177899/n733873756/n-1613013861/n734097536/n-1613010961/n734101493/n-1613010910/n734101563/n-1613010909/n734101564/n-1613010909/n734101564/n-1613010909/n734101564/n-1613010909/n734101564/n-1613010909/n734101564/n-1613010909/n734101564/n-1613010909/n734101564/n-1613010909/n734101564/n-1613010909/n734101564/n-1613010909/n734101564/n-1613010909/n734101564/n-1613010909/n734101564/n-1613010909/n734101564/n-1613010909/n734101564/n-1613010909/n734101564/n-1613010909/n734101564/n-1613010909/n734101564/n-1613010909/n734101564/n-1613010909/n734101564/n-1613010909/n734101564/n-1613010909/n734101564/n-1613010909/n734101564/n-1613010909/n734101564/n-1613010909/n734101564/n-1613010909/n734101564/n-1613010909/n734101564/n-1613010909/n734101564/n-1613010909/n734101564/n-1613010909/n734101564/n-1613010909/n734101564/n-1613010909/n734101564/n-1613010909/n734101564/n-1613010909/n734101564/n-1613010909/n734101564/n-1613010909/n734101564/n-1613010909/n734101564/n-1613010909/n734101564/n-1613010909/n734101564/n-1613010909/n734101564/n-1613010909/n734101564/n-1613010909/n734101564/n-1613010909/n734101564/n-1613010909/n734101564/n-1613010909/n734101564/n-1613010909/n734101564/n-1613010909/n734101564/n-1613010909/n734101564/n-1613010909/n734101564/n-1613010909/n734101564/n-1613010909/n734101564/n-1613010909/n734101564/n-1613010909/n734101564/n-1613010909/n734101564/n-1613010909/n734101564/n-1613010909/n734101564/n-1613010909/n734101564/n-1613010909/n734101564/n-1613010909/n734101564/n-1613010909/n734101564/n-1613010909/n734101564/n-1613010909/n734101564/n-1613010909/n734101564/n-1613010909/n734101564/n-1613010909/n734101564/n-1613010909/n734101564/n-1613010909/n734101564/n-1613010909/n734101564/n-1613010909/n734101564/n-1613010909/n734101564/n-1613010909/n734101564/n-1613010909/n734101564/n-1613010909/n734101564/n-1613010909/n734101564/n-1147253118/n886894891/n-1470409769/n971751997/n1242000960/n-201373400/n-1358244150/n-1277547864/n-2147137195/n15212021/n-1622455184/n721217766/n-1613177899/n733873756/n-1613013861/n734097536/n-1613010961/n734101493/n-1613010910/n734101563/n-1613010909/n734101564/n-1613010909/n734101564/n-1613010909/n734101564/n-1613010909/n734101564/n-1613010909/n734101564/n-1613010909/n734101564/n-1613010909/n734101564/n-1613010909/n734101564/n-1613010909/n734101564/n-1613010909/n734101564/n-1613010909/n734101564/n-1613010909/n734101564/n-1613010909/n734101564/n-1613010909/n734101564/n-1613010909/n734101564/n-1613010909/n734101564/n-1613010909/n734101564/n-1613010909/n734101564/n-1613010909/n734101564/n-1613010909/n734101564/n-1613010909/n734101564/n-1613010909/n734101564/n-1613010909/n734101564/n-1613010909/n734101564/n-1613010909/n734101564/n-1613010909/n734101564/n-1613010909/n734101564/n-1613010909/n734101564/n-1613010909/n734101564/n-1613010909/n734101564/n-1613010909/n734101564/n-1613010909/n734101564/n-1613010909/n734101564/n-1613010909/n734101564/n-1613010909/n734101564/n-1613010909/n734101564/n-1613010909/n734101564/n-1613010909/n734101564/n-1613010909/n734101564/n-1613010909/n734101564/n-1613010909/n734101564/n-1613010909/n734101564/n-1613010909/n734101564/n-1613010909/n734101564/n-1613010909/n734101564/n-1613010909/n734101564/n-1613010909/n734101564/n-1613010909/n734101564/n-1613010909/n734101564/n-1613010909/n734101564/n-1613010909/n734101564/n-1613010909/n734101564/n-1613010909/n734101564/n-1613010909/n734101564/n-1613010909/n734101564/n-1613010909/n734101564/n-1613010909/n734101564/n-1613010909/n734101564/n-1613010909/n734101564/n-1613010909/n734101564/n-1613010909/n734101564/n-1613010909/n734101564/n-1613010909/n734101564/n-1613010909/n734101564/n-1613010909/n734101564/n-1613010909/n734101564/n-1613010909/n734101564/n-1613010909/n734101564/n-1613010909/n734101564/n-1613010909/n734101564/n-1613010909/n734101564/n-1613010909/n734101564/n-1613010909/n734101564/n-1147253118/n886894891/n-1470409769/n971751997/n1242000960/n-201373400/n-1358244150/n-1277547864/n-2147137195/n15212021/n-1622455184/n721217766/n-1613177899/n733873756/n-1613013861/n734097536/n-1613010961/n734101493/n-1613010910/n734101563/n-1613010909/n734101564/n-1613010909/n734101564/n-1613010909/n734101564/n-1613010909/n734101564/n-1613010909/n734101564/n-1613010909/n734101564/n-1613010909/n734101564/n-1613010909/n734101564/n-1613010909/n734101564/n-1613010909/n734101564/n-1613010909/n734101564/n-1613010909/n734101564/n-1613010909/n734101564/n-1613010909/n734101564/n-1613010909/n734101564/n-1613010909/n734101564/n-1613010909/n734101564/n-1613010909/n734101564/n-1613010909/n734101564/n-1613010909/n734101564/n-1613010909/n734101564/n-1613010909/n734101564/n-1613010909/n734101564/n-1613010909/n734101564/n-1613010909/n734101564/n-1613010909/n734101564/n-1613010909/n734101564/n-1613010909/n734101564/n-1613010909/n734101564/n-1613010909/n734101564/n-1613010909/n734101564/n-1613010909/n734101564/n-1613010909/n734101564/n-1613010909/n734101564/n-1613010909/n734101564/n-1613010909/n734101564/n-1613010909/n734101564/n-1613010909/n734101564/n-1613010909/n734101564/n-1613010909/n734101564/n-1613010909/n734101564/n-1613010909/n734101564/n-1613010909/n734101564/n-1613010909/n734101564/n-1613010909/n734101564/n-1613010909/n734101564/n-1613010909/n734101564/n-1613010909/n734101564/n-1613010909/n734101564/n-1613010909/n734101564/n-1613010909/n734101564/n-1613010909/n734101564/n-1613010909/n734101564/n-1613010909/n734101564/n-1613010909/n734101564/n-1613010909/n734101564/n-1613010909/n734101564/n-1613010909/n734101564/n-1613010909/n734101564/n-1613010909/n734101564/n-1613010909/n734101564/n-1613010909/n734101564/n-1613010909/n734101564/n-1613010909/n734101564/n-1613010909/n734101564/n-1613010909/n734101564/n-1613010909/n734101564/n-1613010909/n734101564/n-1613010909/n734101564/n-1613010909/n734101564/n-1613010909/n734101564/n-1613010909/n734101564/n-1613010909/n734101564/n-559277097/n-1923639904/n-373562770/n-631321318/n-885165960/n-36207541/n-176278256/n1709777809/n-942040325/n2050999106/n1885117066/n1690306666/n1972214753/n865904104/n-194235132/n354528627/n-156090038/n422334676/n-155415567/n423533604/n-155403641/n423554803/n-155403430/n423555178/n-155403426/n423555185/n-155403426/n423555185/n-155403426/n423555185/n-155403426/n423555185/n-155403426/n423555185/n-155403426/n423555185/n-155403426/n423555185/n-155403426/n423555185/n-155403426/n423555185/n-155403426/n423555185/n-155403426/n423555185/n-155403426/n423555185/n-155403426/n423555185/n-155403426/n423555185/n-155403426/n423555185/n-155403426/n423555185/n-155403426/n423555185/n-155403426/n423555185/n-155403426/n423555185/n-155403426/n423555185/n-155403426/n423555185/n-155403426/n423555185/n-155403426/n423555185/n-155403426/n423555185/n-155403426/n423555185/n-155403426/n423555185/n-155403426/n423555185/n-155403426/n423555185/n-155403426/n423555185/n-155403426/n423555185/n-155403426/n423555185/n-155403426/n423555185/n-155403426/n423555185/n-155403426/n423555185/n-155403426/n423555185/n-155403426/n423555185/n-155403426/n423555185/n-155403426/n423555185/n-155403426/n423555185/n-155403426/n423555185/n-155403426/n423555185/n-155403426/n423555185/n-155403426/n423555185/n-155403426/n423555185/n-155403426/n423555185/n-155403426/n423555185/n-155403426/n423555185/n-155403426/n423555185/n-155403426/n423555185/n-155403426/n423555185/n-155403426/n423555185/n-155403426/n423555185/n-155403426/n423555185/n-155403426/n423555185/n-155403426/n423555185/n-155403426/n423555185/n-155403426/n423555185/n-155403426/n423555185/n-155403426/n423555185/n-155403426/n423555185/n-155403426/n423555185/n-155403426/n423555185/n-155403426/n423555185/n-155403426/n423555185/n-155403426/n423555185/n-155403426/n423555185/n-155403426/n423555185/n-155403426/n423555185/n-155403426/n423555185/n-155403426/n423555185/n-155403426/n423555185/n-559277097/n-1923639904/n-373562770/n-631321318/n-885165960/n-36207541/n-176278256/n1709777809/n-942040325/n2050999106/n1885117066/n1690306666/n1972214753/n865904104/n-194235132/n354528627/n-156090038/n422334676/n-155415567/n423533604/n-155403641/n423554803/n-155403430/n423555178/n-155403426/n423555185/n-155403426/n423555185/n-155403426/n423555185/n-155403426/n423555185/n-155403426/n423555185/n-155403426/n423555185/n-155403426/n423555185/n-155403426/n423555185/n-155403426/n423555185/n-155403426/n423555185/n-155403426/n423555185/n-155403426/n423555185/n-155403426/n423555185/n-155403426/n423555185/n-155403426/n423555185/n-155403426/n423555185/n-155403426/n423555185/n-155403426/n423555185/n-155403426/n423555185/n-155403426/n423555185/n-155403426/n423555185/n-155403426/n423555185/n-155403426/n423555185/n-155403426/n423555185/n-155403426/n423555185/n-155403426/n423555185/n-155403426/n423555185/n-155403426/n423555185/n-155403426/n423555185/n-155403426/n423555185/n-155403426/n423555185/n-155403426/n423555185/n-155403426/n423555185/n-155403426/n423555185/n-155403426/n423555185/n-155403426/n423555185/n-155403426/n423555185/n-155403426/n423555185/n-155403426/n423555185/n-155403426/n423555185/n-155403426/n423555185/n-155403426/n423555185/n-155403426/n423555185/n-155403426/n423555185/n-155403426/n423555185/n-155403426/n423555185/n-155403426/n423555185/n-155403426/n423555185/n-155403426/n423555185/n-155403426/n423555185/n-155403426/n423555185/n-155403426/n423555185/n-155403426/n423555185/n-155403426/n423555185/n-155403426/n423555185/n-155403426/n423555185/n-155403426/n423555185/n-155403426/n423555185/n-155403426/n423555185/n-155403426/n423555185/n-155403426/n423555185/n-155403426/n423555185/n-155403426/n423555185/n-155403426/n423555185/n-155403426/n423555185/n-155403426/n423555185/n-155403426/n423555185/n-155403426/n423555185/n-155403426/n423555185/n-155403426/n423555185/n-155403426/n423555185/n-1147253118/n886894891/n-1470409769/n971751997/n1242000960/n-201373400/n-1358244150/n-1277547864/n-2147137195/n15212021/n-1622455184/n721217766/n-1613177899/n733873756/n-1613013861/n734097536/n-1613010961/n734101493/n-1613010910/n734101563/n-1613010909/n734101564/n-1613010909/n734101564/n-1613010909/n734101564/n-1613010909/n734101564/n-1613010909/n734101564/n-1613010909/n734101564/n-1613010909/n734101564/n-1613010909/n734101564/n-1613010909/n734101564/n-1613010909/n734101564/n-1613010909/n734101564/n-1613010909/n734101564/n-1613010909/n734101564/n-1613010909/n734101564/n-1613010909/n734101564/n-1613010909/n734101564/n-1613010909/n734101564/n-1613010909/n734101564/n-1613010909/n734101564/n-1613010909/n734101564/n-1613010909/n734101564/n-1613010909/n734101564/n-1613010909/n734101564/n-1613010909/n734101564/n-1613010909/n734101564/n-1613010909/n734101564/n-1613010909/n734101564/n-1613010909/n734101564/n-1613010909/n734101564/n-1613010909/n734101564/n-1613010909/n734101564/n-1613010909/n734101564/n-1613010909/n734101564/n-1613010909/n734101564/n-1613010909/n734101564/n-1613010909/n734101564/n-1613010909/n734101564/n-1613010909/n734101564/n-1613010909/n734101564/n-1613010909/n734101564/n-1613010909/n734101564/n-1613010909/n734101564/n-1613010909/n734101564/n-1613010909/n734101564/n-1613010909/n734101564/n-1613010909/n734101564/n-1613010909/n734101564/n-1613010909/n734101564/n-1613010909/n734101564/n-1613010909/n734101564/n-1613010909/n734101564/n-1613010909/n734101564/n-1613010909/n734101564/n-1613010909/n734101564/n-1613010909/n734101564/n-1613010909/n734101564/n-1613010909/n734101564/n-1613010909/n734101564/n-1613010909/n734101564/n-1613010909/n734101564/n-1613010909/n734101564/n-1613010909/n734101564/n-1613010909/n734101564/n-1613010909/n734101564/n-1613010909/n734101564/n-1613010909/n734101564/n-1613010909/n734101564/n-1613010909/n734101564/n-1613010909/n734101564/n-1613010909/n734101564/n-1613010909/n734101564/n-1613010909/n734101564/n-1613010909/n734101564/n